ONEWEB-0012             
1 44057U 19010A   21215.09915783  .00003327  00000-0  78300-2 0  9999
2 44057  87.7265 251.8513 0001531  89.6748 270.4562 13.23448959117265
ONEWEB-0010             
1 44058U 19010B   21215.10908397 -.00005212  00000-0 -12388-1 0  9995
2 44058  87.7074 251.8374 0002064  66.1958 293.9393 13.23281633117316
ONEWEB-0008             
1 44059U 19010C   21214.10614306  .00015873  00000-0  37272-1 0  9990
2 44059  87.7452 252.0709 0002386  94.0465 266.0943 13.23714795117268
ONEWEB-0007             
1 44060U 19010D   21214.58926492  .00000015  00000-0  53168-5 0  9994
2 44060  87.9160 252.1430 0001645 116.3110 243.8193 13.22897711117339
ONEWEB-0006             
1 44061U 19010E   21215.12672373  .00000094  00000-0  19342-3 0  9993
2 44061  87.9164 252.0596 0001768  92.5251 267.6086 13.22609609117469
ONEWEB-0011             
1 44062U 19010F   21214.52857304  .00000034  00000-0  50367-4 0  9993
2 44062  87.9165 252.1993 0002195 111.5523 248.5846 13.22328358117373
ONEWEB-0013             
1 45131U 20008A   21214.76790561  .00000217  00000-0  59480-3 0  9994
2 45131  87.9133  45.9618 0002203 101.0570 259.0805 13.09301828 73207
ONEWEB-0017             
1 45132U 20008B   21215.02286768  .00003925  00000-0  11205-1 0  9994
2 45132  87.8846  29.9482 0000964  76.3540 283.7694 13.10362823 75714
ONEWEB-0020             
1 45133U 20008C   21214.99171886 -.00000145  00000-0 -45189-3 0  9997
2 45133  87.8855  29.9428 0001007 120.3701 239.7526 13.10375605 76115
ONEWEB-0021             
1 45134U 20008D   21214.77823902  .00000550  00000-0  15400-2 0  9997
2 45134  87.8757  29.8787 0001910  92.3810 267.7536 13.10375174 75613
ONEWEB-0022             
1 45135U 20008E   21214.72680967  .00000035  00000-0  65370-4 0  9996
2 45135  87.8847  29.9921 0001206  90.4665 269.6601 13.10369165 75303
ONEWEB-0023             
1 45136U 20008F   21214.79071637  .00000593  00000-0  16614-2 0  9996
2 45136  87.8767  29.9282 0002433 106.5893 253.5501 13.10374338 75040
ONEWEB-0024             
1 45137U 20008G   21214.99016236 -.00000245  00000-0 -73700-3 0  9999
2 45137  87.8800  29.9179 0002309  89.8508 270.2884 13.10376364 75986
ONEWEB-0025             
1 45138U 20008H   21215.00887937  .00000591  00000-0  16571-2 0  9991
2 45138  87.8846  30.0020 0001927  96.2708 263.8639 13.10375016 76311
ONEWEB-0026             
1 45139U 20008J   21214.99469966 -.00114852  00000-0 -32941+0 0  9991
2 45139  87.8928  14.8063 0000506 133.6037 226.5132 13.11151088 78827
ONEWEB-0028             
1 45140U 20008K   21214.77032104  .00000818  00000-0  23396-2 0  9990
2 45140  87.1963  26.0186 0002080  90.5145 269.6219 13.09342229 75447
ONEWEB-0032             
1 45141U 20008L   21214.71900110  .00000448  00000-0  12459-2 0  9993
2 45141  87.8823  30.0517 0001841  83.9939 276.1398 13.10363901 75256
ONEWEB-0033             
1 45142U 20008M   21214.76886706  .00000201  00000-0  53883-3 0  9997
2 45142  87.8830  29.9808 0001873  91.5952 268.5390 13.10377055 75173
ONEWEB-0035             
1 45143U 20008N   21214.72524835  .00000126  00000-0  32600-3 0  9996
2 45143  87.8849  30.0188 0001592 100.5383 259.5923 13.10370307 74898
ONEWEB-0036             
1 45144U 20008P   21214.71589777  .00000557  00000-0  15585-2 0  9992
2 45144  87.8848  29.9810 0001926 101.2758 258.8585 13.10371557 75325
ONEWEB-0038             
1 45145U 20008Q   21214.68744628 -.00000067  00000-0 -22471-3 0  9998
2 45145  87.8921  14.7806 0001963  98.1337 262.0014 13.11415069 77091
ONEWEB-0039             
1 45146U 20008R   21215.00263787  .00000391  00000-0  10849-2 0  9991
2 45146  87.8859  29.9629 0002454  84.9572 275.1835 13.10377819 75939
ONEWEB-0040             
1 45147U 20008S   21214.76577098  .00002213  00000-0  62972-2 0  9996
2 45147  87.8852  30.0563 0002182  85.9396 274.1981 13.10419978 74827
ONEWEB-0041             
1 45148U 20008T   21215.02962017  .00000037  00000-0  37814-4 0  9997
2 45148  87.9363  13.4331 0015791 290.9109  69.0349 13.48326453 79093
ONEWEB-0043             
1 45149U 20008U   21214.99639574  .00000121  00000-0  30914-3 0  9999
2 45149  87.8850  29.9607 0002310 100.3220 259.8168 13.10366115 75950
ONEWEB-0044             
1 45150U 20008V   21214.72057818  .00000412  00000-0  11437-2 0  9998
2 45150  87.8848  30.0248 0002287  91.4322 268.7067 13.10371929 75438
ONEWEB-0045             
1 45151U 20008W   21214.69399455 -.00000313  00000-0 -91811-3 0  9998
2 45151  87.8877  14.8845 0001773  84.0839 276.0491 13.11416217 77171
ONEWEB-0047             
1 45152U 20008X   21215.01821796  .00000691  00000-0  19444-2 0  9992
2 45152  87.8849  29.9594 0001859  93.5633 266.5707 13.10373688 75985
ONEWEB-0048             
1 45153U 20008Y   21214.78446875  .00000681  00000-0  19143-2 0  9992
2 45153  87.8854  29.9986 0002022  99.1927 260.9429 13.10373555 74776
ONEWEB-0049             
1 45154U 20008Z   21215.01510834  .00000573  00000-0  16046-2 0  9996
2 45154  87.8843  29.9508 0002057 104.3572 255.7783 13.10368256 75800
ONEWEB-0051             
1 45155U 20008AA  21214.69181396 -.00000238  00000-0 -70762-3 0  9993
2 45155  87.8850  14.8654 0001694  92.1856 267.9466 13.11411482 77850
ONEWEB-0052             
1 45156U 20008AB  21214.78292304  .00000685  00000-0  19265-2 0  9990
2 45156  87.8843  29.9903 0002632 117.4448 242.6948 13.10373466 74904
ONEWEB-0053             
1 45157U 20008AC  21215.06965294 -.00000118  00000-0 -37308-3 0  9990
2 45157  87.8856  29.9558 0002192  89.7839 270.3539 13.10381666 75671
ONEWEB-0054             
1 45158U 20008AD  21214.72368565  .00000266  00000-0  72553-3 0  9994
2 45158  87.8843  30.0275 0001667  80.8510 279.2806 13.10370661 74982
ONEWEB-0056             
1 45159U 20008AE  21214.78135831  .00000697  00000-0  19602-2 0  9992
2 45159  87.8848  30.0092 0001932  98.9217 261.2129 13.10373966 75143
ONEWEB-0057             
1 45160U 20008AF  21214.78758556  .00000654  00000-0  18385-2 0  9999
2 45160  87.8851  29.9797 0002180  95.5364 264.6012 13.10372301 75319
ONEWEB-0058             
1 45161U 20008AG  21214.77512939  .00000486  00000-0  13550-2 0  9994
2 45161  87.8862  30.0040 0002042  84.8026 275.3335 13.10376846 75381
ONEWEB-0059             
1 45162U 20008AH  21214.77199626  .00000357  00000-0  98570-3 0  9992
2 45162  87.8853  30.0087 0001905  85.7674 274.3671 13.10376224 75280
ONEWEB-0062             
1 45163U 20008AJ  21214.72212879  .00000313  00000-0  86079-3 0  9997
2 45163  87.8846  30.0134 0001903 100.4833 259.6509 13.10369772 75147
ONEWEB-0065             
1 45164U 20008AK  21214.77667940  .00000570  00000-0  15960-2 0  9991
2 45164  87.8768  29.9059 0001922  92.5847 267.5501 13.10371675 74842
ONEWEB-0066             
1 45424U 20020A   21214.67439292  .00000444  00000-0  12168-2 0  9997
2 45424  87.8911  14.8574 0001978  65.0115 295.1218 13.11414286 69449
ONEWEB-0067             
1 45425U 20020B   21214.70052007 -.00000519  00000-0 -14993-2 0  9990
2 45425  87.8903  14.8595 0001975  88.5852 271.5502 13.11413566 69500
ONEWEB-0080             
1 45426U 20020C   21214.72669297  .00000198  00000-0  52424-3 0  9991
2 45426  87.8913  14.8383 0001509 100.8186 259.3112 13.11419347 69478
ONEWEB-0090             
1 45427U 20020D   21214.74195200  .00000650  00000-0  17990-2 0  9993
2 45427  87.8918  14.8608 0001750  94.2315 265.9013 13.11416873 69443
ONEWEB-0061             
1 45428U 20020E   21214.69833926 -.00000458  00000-0 -13268-2 0  9994
2 45428  87.8907  14.8307 0001995  87.3464 272.7892 13.11414905 69396
ONEWEB-0081             
1 45429U 20020F   21214.68089541  .00000179  00000-0  47036-3 0  9999
2 45429  87.8923  14.8073 0002069  79.1307 281.0053 13.11406761 69509
ONEWEB-0069             
1 45430U 20020G   21214.74414994  .00000608  00000-0  16785-2 0  9995
2 45430  87.8914  14.8493 0001799  90.8987 269.2347 13.11416422 69442
ONEWEB-0031             
1 45431U 20020H   21214.71797113 -.00000219  00000-0 -65249-3 0  9990
2 45431  87.8908  14.8485 0001881  98.1813 261.9529 13.11418242 69429
ONEWEB-0027             
1 45432U 20020J   21214.82842860  .00000035  00000-0  58050-4 0  9990
2 45432  87.9161 359.6713 0001567  90.0543 270.0768 13.17643907 72039
ONEWEB-0064             
1 45433U 20020K   21214.71577461 -.00000308  00000-0 -90379-3 0  9995
2 45433  87.8908  14.8606 0001359  65.9349 294.1921 13.11415156 69450
ONEWEB-0018             
1 45434U 20020L   21214.74633025  .00000557  00000-0  15356-2 0  9993
2 45434  87.8912  14.8327 0001930  98.2182 261.9165 13.11416014 69406
ONEWEB-0083             
1 45435U 20020M   21214.73542681  .00000534  00000-0  14716-2 0  9994
2 45435  87.8914  14.8408 0001853  93.7194 266.4146 13.11417777 69446
ONEWEB-0095             
1 45436U 20020N   21214.72015322 -.00000079  00000-0 -25748-3 0  9995
2 45436  87.8915  14.8448 0001517  93.8027 266.3275 13.11419199 69447
ONEWEB-0092             
1 45437U 20020P   21214.69618196 -.00000415  00000-0 -12069-2 0  9995
2 45437  87.8920  14.7990 0002178 103.1959 256.9412 13.11413966 69554
ONEWEB-0085             
1 45438U 20020Q   21214.72887019  .00000267  00000-0  71654-3 0  9991
2 45438  87.8918  14.8590 0001940  85.9544 274.1805 13.11418361 69442
ONEWEB-0096             
1 45439U 20020R   21214.96649696  .00000457  00000-0  12539-2 0  9992
2 45439  87.8911  14.7992 0002079  83.7869 276.3496 13.11420505 69477
ONEWEB-0037             
1 45440U 20020S   21214.72232484 -.00000061  00000-0 -20770-3 0  9991
2 45440  87.8913  14.8576 0002100 108.8713 251.2643 13.11419199 69464
ONEWEB-0042             
1 45441U 20020T   21214.70489556 -.00000518  00000-0 -14961-2 0  9995
2 45441  87.8910  14.8519 0002037  95.9653 264.1707 13.11417012 69430
ONEWEB-0098             
1 45442U 20020U   21214.72451359  .00000136  00000-0  34795-3 0  9990
2 45442  87.8909  14.8515 0001864  83.1715 276.9625 13.11418044 69414
ONEWEB-0055             
1 45443U 20020V   21214.70925397 -.00000535  00000-0 -15461-2 0  9990
2 45443  87.8922  14.8041 0001798  90.3757 269.7577 13.11418211 69384
ONEWEB-0093             
1 45444U 20020W   21214.68528699  .00000019  00000-0  16428-4 0  9993
2 45444  87.8914  14.8610 0001779  93.3968 266.7364 13.11414544 69447
ONEWEB-0029             
1 45445U 20020X   21215.01225907 -.00000551  00000-0 -15919-2 0  9993
2 45445  87.8913  14.7744 0002210  94.9442 265.1938 13.11418164 69474
ONEWEB-0068             
1 45446U 20020Y   21214.98174346  .00000443  00000-0  12145-2 0  9995
2 45446  87.8912  14.8003 0001805  81.7912 278.3421 13.11414571 69413
ONEWEB-0046             
1 45447U 20020Z   21214.74849132  .00000566  00000-0  15611-2 0  9999
2 45447  87.8913  14.8516 0001981  99.4945 260.6407 13.11415742 69386
ONEWEB-0063             
1 45448U 20020AA  21214.70270376 -.00000538  00000-0 -15550-2 0  9997
2 45448  87.8908  14.8642 0002021 105.5829 254.5522 13.11418472 69469
ONEWEB-0019             
1 45449U 20020AB  21214.67873291  .00000305  00000-0  82366-3 0  9999
2 45449  87.8916  14.8411 0001647  95.0535 265.0781 13.11413702 69301
ONEWEB-0094             
1 45450U 20020AC  21214.98186527 -.00000042  00000-0 -14089-3 0  9991
2 45450  87.9139 359.5876 0001653  89.5079 270.6242 13.17652972 72008
ONEWEB-0087             
1 45451U 20020AD  21214.71144563 -.00000421  00000-0 -12224-2 0  9996
2 45451  87.8921  14.8613 0002190  78.8283 281.3091 13.11413487 69357
ONEWEB-0082             
1 45452U 20020AE  21214.71359939  .00000082  00000-0  19445-3 0  9996
2 45452  87.8906  14.8191 0001944  81.1499 278.9849 13.11419371 69445
ONEWEB-0050             
1 45453U 20020AF  21214.76428845  .00000363  00000-0  30715-4 0  9991
2 45453  87.5460 341.0597 0023482 291.9423  67.9311 14.94665144 74665
ONEWEB-0034             
1 45454U 20020AG  21214.73105588  .00000384  00000-0  10478-2 0  9990
2 45454  87.8911  14.8401 0001998  95.2754 264.8602 13.11417393 69360
ONEWEB-0060             
1 45455U 20020AH  21214.73976726  .00000571  00000-0  15747-2 0  9993
2 45455  87.8914  14.8363 0001836  93.1844 266.9494 13.11411317 69327
ONEWEB-0086             
1 45456U 20020AJ  21214.98827811  .00000158  00000-0  41014-3 0  9999
2 45456  87.8909  14.7851 0001929  84.9041 275.2307 13.11414697 69413
ONEWEB-0088             
1 45457U 20020AK  21214.96212833  .00000366  00000-0  99673-3 0  9995
2 45457  87.8910  14.8163 0002003  95.1688 264.9669 13.11419265 69353
ONEWEB-0102             
1 47258U 20100A   21214.76085326 -.00000198  00000-0 -58460-3 0  9992
2 47258  87.8937 344.4886 0001642  87.8554 272.2762 13.12446280 31325
ONEWEB-0109             
1 47259U 20100B   21214.77143145 -.00000415  00000-0 -11902-2 0  9999
2 47259  87.8909 344.3324 0001374  92.1534 267.9751 13.12443473 31151
ONEWEB-0110             
1 47260U 20100C   21214.64015932  .00000039  00000-0  72118-4 0  9997
2 47260  87.8960 344.4311 0001535  86.8812 273.2492 13.12439771 31300
ONEWEB-0111             
1 47261U 20100D   21214.74815182  .00000249  00000-0  65806-3 0  9992
2 47261  87.8961 344.4359 0001754  89.3255 270.8075 13.12439271 31154
ONEWEB-0114             
1 47262U 20100E   21214.70367810 -.00000362  00000-0 -10430-2 0  9999
2 47262  87.8887 344.3250 0001495 100.0697 260.0601 13.12444712 31101
ONEWEB-0117             
1 47263U 20100F   21215.07851968 -.00000444  00000-0 -12692-2 0  9996
2 47263  87.8914 344.3509 0001647  93.5146 266.6171 13.12440775 31169
ONEWEB-0118             
1 47264U 20100G   21214.64859737  .00000348  00000-0  93170-3 0  9993
2 47264  87.8946 344.4466 0001520 100.6331 259.4969 13.12446636 31307
ONEWEB-0119             
1 47265U 20100H   21214.60204660 -.00000003  00000-0 -43053-4 0  9995
2 47265  87.8935 344.5291 0001667  91.5079 268.6241 13.12440022 31276
ONEWEB-0120             
1 47266U 20100J   21214.78413663 -.00000335  00000-0 -96581-3 0  9991
2 47266  87.9011 344.3563 0001438  97.1114 263.0178 13.12444944 31322
ONEWEB-0121             
1 47267U 20100K   21215.07427063 -.00000458  00000-0 -13094-2 0  9997
2 47267  87.9018 344.3491 0001870  89.1350 270.9993 13.12443747 31279
ONEWEB-0122             
1 47268U 20100L   21214.61051815 -.00000299  00000-0 -86617-3 0  9990
2 47268  87.8927 344.4290 0002009 101.8766 258.2588 13.12434394 31125
ONEWEB-0123             
1 47269U 20100M   21215.06156350 -.00000024  00000-0 -10119-3 0  9991
2 47269  87.8953 344.3942 0001702  97.7421 262.3900 13.12440455 31329
ONEWEB-0124             
1 47270U 20100N   21214.74179539  .00000406  00000-0  10923-2 0  9995
2 47270  87.8920 344.4179 0001802  94.5072 265.6262 13.12443502 31161
ONEWEB-0125             
1 47271U 20100P   21214.33941938  .00000236  00000-0  62202-3 0  9990
2 47271  87.8997 344.5127 0001809  97.8879 262.2455 13.12445304 31178
ONEWEB-0126             
1 47272U 20100Q   21214.74603317  .00000298  00000-0  79260-3 0  9992
2 47272  87.8951 344.5034 0001451  91.4735 268.6560 13.12443027 31290
ONEWEB-0127             
1 47273U 20100R   21214.71003400 -.00000238  00000-0 -69685-3 0  9993
2 47273  87.8929 344.4273 0001469  97.8017 262.3278 13.12445497 31315
ONEWEB-0128             
1 47274U 20100S   21214.65286149  .00000456  00000-0  12315-2 0  9997
2 47274  87.8947 344.4334 0001708  88.4211 271.7113 13.12447242 31325
ONEWEB-0129             
1 47275U 20100T   21214.63589962  .00000479  00000-0  12965-2 0  9991
2 47275  87.8956 344.3637 0000706 225.5509 134.5561 13.12443172 31255
ONEWEB-0130             
1 47276U 20100U   21214.73757700  .00000635  00000-0  17302-2 0  9994
2 47276  87.8984 344.4050 0001522  80.1244 280.0056 13.12442820 31238
ONEWEB-0131             
1 47277U 20100V   21214.73333395  .00000198  00000-0  51410-3 0  9998
2 47277  87.8976 344.3532 0001803  95.4279 264.7055 13.12448332 31279
ONEWEB-0132             
1 47278U 20100W   21214.76721099 -.00000383  00000-0 -11002-2 0  9994
2 47278  87.8943 344.4920 0001670 104.5025 255.6289 13.12440454 31173
ONEWEB-0133             
1 47279U 20100X   21214.78201816 -.00000396  00000-0 -11352-2 0  9999
2 47279  87.8961 344.3605 0001538  93.5326 266.5979 13.12444666 31331
ONEWEB-0134             
1 47280U 20100Y   21215.05521556  .00000262  00000-0  69327-3 0  9994
2 47280  87.8937 344.3639 0001997  92.9543 267.1814 13.12443787 31345
ONEWEB-0135             
1 47281U 20100Z   21215.09969651  .00000002  00000-0 -29362-4 0  9990
2 47281  87.8944 344.3384 0001451  90.8694 269.2601 13.12441842 31370
ONEWEB-0136             
1 47282U 20100AA  21214.73967377  .00000381  00000-0  10245-2 0  9991
2 47282  87.8966 344.3536 0001595  81.6008 278.5301 13.12443468 31253
ONEWEB-0137             
1 47283U 20100AB  21214.77781026 -.00000407  00000-0 -11673-2 0  9998
2 47283  87.8922 344.4874 0001475 108.0781 252.0508 13.12440469 31165
ONEWEB-0138             
1 47284U 20100AC  21215.05733123  .00000030  00000-0  46866-4 0  9990
2 47284  87.8928 344.4164 0001539  92.6137 267.5167 13.12439891 31280
ONEWEB-0139             
1 47285U 20100AD  21214.64650334  .00000296  00000-0  78689-3 0  9998
2 47285  87.8980 344.4867 0001756  89.1961 270.9368 13.12444945 31306
ONEWEB-0140             
1 47286U 20100AE  21214.59144297  .00000379  00000-0  10169-2 0  9999
2 47286  87.8960 344.4794 0001552  84.0924 276.0382 13.12440197 31264
ONEWEB-0141             
1 47287U 20100AF  21214.73545927  .00000414  00000-0  11163-2 0  9996
2 47287  87.8933 344.4680 0001560  93.7456 266.3851 13.12444696 31266
ONEWEB-0142             
1 47288U 20100AG  21215.06369878 -.00000083  00000-0 -26514-3 0  9994
2 47288  87.8960 344.4612 0001697 108.4959 251.6354 13.12440195 31305
ONEWEB-0143             
1 47289U 20100AH  21214.63803827 -.00000054  00000-0 -18573-3 0  9998
2 47289  87.8985 344.4023 0001643  94.5909 265.5407 13.12441118 31220
ONEWEB-0144             
1 47290U 20100AJ  21214.76508796 -.00000334  00000-0 -96436-3 0  9996
2 47290  87.8905 344.3153 0001893  89.8009 270.3337 13.12443646 31169
ONEWEB-0145             
1 47291U 20100AK  21215.11239666  .00000420  00000-0  11331-2 0  9998
2 47291  87.8956 344.3558 0001544  91.5832 268.5473 13.12442323 31400
ONEWEB-0146             
1 47292U 20100AL  21214.65073766  .00000429  00000-0  11565-2 0  9992
2 47292  87.8941 344.4883 0001620  90.9177 269.2138 13.12442743 31252
ONEWEB-0147             
1 47293U 20100AM  21215.08061142 -.00000427  00000-0 -12221-2 0  9996
2 47293  87.8960 344.3814 0001091  59.7200 300.4037 13.12440531 31203
ONEWEB-0115             
1 48042U 21025A   21215.00001157 -.00018706  00000-0 -52305-1 0  9993
2 48042  87.8935 313.7816 0002616 100.7959  44.9206 13.12221042  3315
ONEWEB-0152             
1 48043U 21025B   21215.00001157 -.00019046  00000-0 -52285-1 0  9999
2 48043  87.8902 313.8004 0001937  93.5852 342.7334 13.13484878  3316
ONEWEB-0153             
1 48044U 21025C   21215.00001157 -.00018719  00000-0 -54821-1 0  9994
2 48044  87.9051 313.8922 0002365 104.8833  89.7178 13.09035728  3318
ONEWEB-0154             
1 48045U 21025D   21215.00001157 -.00018774  00000-0 -51548-1 0  9999
2 48045  87.8896 313.8390 0001733 114.6573  81.7696 13.13472070  3319
ONEWEB-0116             
1 48046U 21025E   21215.25002315  .00000013  00000-0  00000+0 0  9994
2 48046  87.9142 313.7064 0001720 107.5092 329.2743 13.20287619 20138
ONEWEB-0150             
1 48047U 21025F   21215.00001157 -.00018892  00000-0 -51883-1 0  9994
2 48047  87.8895 313.8863 0002130 119.5363   7.2287 13.13459910  3326
ONEWEB-0107             
1 48048U 21025G   21215.00001157 -.00018818  00000-0 -52191-1 0  9996
2 48048  87.8920 313.7884 0001987 108.3597   4.6185 13.12784531  3295
ONEWEB-0101             
1 48049U 21025H   21215.00001157 -.00019400  00000-0 -53244-1 0  9995
2 48049  87.8929 313.9111 0001803 105.7728 170.3611 13.13503272  3336
ONEWEB-0113             
1 48050U 21025J   21215.00001157 -.00019311  00000-0 -54342-1 0  9998
2 48050  87.8920 313.8205 0001840 106.0026 296.0920 13.11789675  3338
ONEWEB-0112             
1 48051U 21025K   21215.00001157 -.00019011  00000-0 -52914-1 0  9999
2 48051  87.8897 313.8965 0002180 110.3470 349.8222 13.12538971  3327
ONEWEB-0156             
1 48052U 21025L   21215.25002315  .00000013  00000-0  00000+0 0  9991
2 48052  87.9062 313.7678 0002465 161.0819  23.6365 13.18065851 20051
ONEWEB-0161             
1 48053U 21025M   21215.25002315  .00020832  00000-0  56832-1 0  9999
2 48053  87.8883 313.8596 0002249 103.9248 175.1890 13.13528721 19984
ONEWEB-0158             
1 48054U 21025N   21215.00001157 -.00022161  00000-0 -60644-1 0  9991
2 48054  87.8889 313.7313 0001988  76.2979 283.4760 13.13718749  3342
ONEWEB-0157             
1 48055U 21025P   21215.25002315  .00000013  00000-0  00000+0 0  9994
2 48055  87.8913 313.8089 0001032 112.6022 221.3606 13.16014743 20059
ONEWEB-0162             
1 48056U 21025Q   21215.25002315  .00000013  00000-0  00000+0 0  9995
2 48056  87.9078 313.6179 0001849  98.3325  55.5360 13.19207917 20002
ONEWEB-0155             
1 48057U 21025R   21215.00001157 -.00019568  00000-0 -53789-1 0  9993
2 48057  87.8884 313.9049 0001467  73.4378 231.3182 13.13397668  3334
ONEWEB-0149             
1 48058U 21025S   21215.25002315  .00000013  00000-0  00000+0 0  9997
2 48058  87.8837 313.8049 0002166 109.8616 211.8098 13.11656865 19979
ONEWEB-0148             
1 48059U 21025T   21215.25002315  .00000013  00000-0  00000+0 0  9998
2 48059  87.8906 313.7239 0001690 124.5302  18.4367 13.14989630 20080
ONEWEB-0160             
1 48060U 21025U   21215.00001157 -.00018045  00000-0 -44205-1 0  9999
2 48060  87.9227 313.7192 0001811 119.5130  38.0049 13.21221014  3321
ONEWEB-0163             
1 48061U 21025V   21215.25002315  .00000013  00000-0  00000+0 0  9991
2 48061  87.9243 313.7919 0001167 157.6995 190.2483 13.22620241 20152
ONEWEB-0159             
1 48062U 21025W   21215.00001157 -.00018967  00000-0 -52075-1 0  9998
2 48062  87.8872 313.8027 0001631 119.0407 327.3693 13.13476331  3311
ONEWEB-0164             
1 48063U 21025X   21215.25002315  .00000013  00000-0  00000+0 0  9993
2 48063  87.8906 313.6949 0002000 105.2111 149.3672 13.15503045 20066
ONEWEB-0167             
1 48064U 21025Y   21215.00001157 -.00019900  00000-0 -48355-1 0  9994
2 48064  87.9248 313.7854 0001525 145.8048 181.8097 13.21777954  3313
ONEWEB-0166             
1 48065U 21025Z   21215.00001157 -.00019316  00000-0 -53869-1 0  9992
2 48065  87.8910 313.9084 0002399  99.3297 176.5571 13.12406905  3318
ONEWEB-0151             
1 48066U 21025AA  21215.00001157 -.00019138  00000-0 -52510-1 0  9997
2 48066  87.8913 313.8420 0001607  70.5814 185.9356 13.13522326  3314
ONEWEB-0170             
1 48067U 21025AB  21215.00001157 -.00018872  00000-0 -51811-1 0  9995
2 48067  87.8942 313.8193 0002262  60.9132 165.1844 13.13481332  3322
ONEWEB-0168             
1 48068U 21025AC  21215.25002315  .00000013  00000-0  00000+0 0  9998
2 48068  87.9305 313.4195 0001922 128.3542 108.6651 13.23891022 20027
ONEWEB-0173             
1 48069U 21025AD  21215.25002315  .00015128  00000-0  32739-1 0  9998
2 48069  87.9584 313.5897 0001418 201.3897 274.8259 13.29160577 20268
ONEWEB-0171             
1 48070U 21025AE  21214.91667824 -.00048746  00000-0 -13359+0 0  9993
2 48070  87.8870 313.8666 0001512 132.6641  29.9498 13.13795315  3321
ONEWEB-0172             
1 48071U 21025AF  21214.91667824 -.00593035  00000-0 -30504+0 0  9991
2 48071  88.1186 311.7566 0007487 152.3791 187.0295 14.17995829  3456
ONEWEB-0174             
1 48072U 21025AG  21214.91667824 -.00053506  00000-0 -11823+0 0  9999
2 48072  87.9556 313.5923 0004482 165.0926 237.6509 13.28359279  3347
ONEWEB-0175             
1 48073U 21025AH  21214.91667824 -.00045680  00000-0 -12567+0 0  9990
2 48073  87.8920 313.9301 0002054  76.7300  95.6735 13.13509842  3310
ONEWEB-0177             
1 48074U 21025AJ  21215.25002315  .00000013  00000-0  00000+0 0  9995
2 48074  87.8847 313.8254 0001344 138.2664  96.9791 13.17618358 20157
ONEWEB-0178             
1 48075U 21025AK  21215.25002315  .00048900  00000-0  13280+0 0  9997
2 48075  87.8856 313.8652 0001483 119.3651  39.8032 13.13655555 20206
ONEWEB-0108             
1 48076U 21025AL  21214.91667824 -.00044926  00000-0 -11235+0 0  9996
2 48076  87.9137 313.8744 0002872 100.3230 339.0810 13.19999070  3319
ONEWEB-0169             
1 48077U 21025AM  21215.25002315  .00020216  00000-0  53661-1 0  9998
2 48077  87.8914 313.6656 0001793 114.6020  71.2987 13.15404074 20026
ONEWEB-0176             
1 48210U 21031A   21215.25002315  .00000015  00000-0  00000+0 0  9996
2 48210  87.8094 283.4269 0006666 319.0482 358.2797 13.63104579 15824
ONEWEB-0184             
1 48211U 21031B   21215.25002315  .00000014  00000-0  00000+0 0  9996
2 48211  87.8493 283.4327 0007295 295.1328  24.7287 13.60059833 14507
ONEWEB-0179             
1 48212U 21031C   21215.25002315  .00000015  00000-0  00000+0 0  9998
2 48212  87.8104 283.4762 0009006 326.1009  53.4577 13.60982674 14568
ONEWEB-0180             
1 48213U 21031D   21215.25002315  .00000014  00000-0  00000+0 0  9998
2 48213  87.8321 283.4168 0006647 307.3855 212.5277 13.54962931 14469
ONEWEB-0218             
1 48214U 21031E   21215.25002315  .00000015  00000-0  00000+0 0  9990
2 48214  87.8136 283.5035 0009091 279.5874 330.5906 13.65323006 14607
ONEWEB-0209             
1 48215U 21031F   21215.25002315  .00000015  00000-0  00000+0 0  9991
2 48215  87.8526 283.4857 0007382 296.8257  77.9540 13.70998829 14580
ONEWEB-0198             
1 48216U 21031G   21215.25002315 -.01092325  00000-0 -91378+0 0  9998
2 48216  88.0042 283.4178 0003257 303.6795  86.3903 13.91880242 14639
ONEWEB-0189             
1 48217U 21031H   21215.25002315  .00000014  00000-0  00000+0 0  9992
2 48217  87.8208 283.4105 0008720 296.6967 245.1438 13.50297445 14486
ONEWEB-0196             
1 48218U 21031J   21215.25002315  .00000014  00000-0  00000+0 0  9993
2 48218  87.8232 283.3890 0005595 315.8749 112.2482 13.57022228 14455
ONEWEB-0183             
1 48219U 21031K   21215.25002315  .00000015  00000-0  00000+0 0  9995
2 48219  87.8079 283.4651 0005001 314.4961  48.6033 13.67650628 14540
ONEWEB-0185             
1 48220U 21031L   21215.25002315  .00000014  00000-0  00000+0 0  9996
2 48220  87.8465 283.4134 0007262 299.1382 282.2725 13.55638680 14493
ONEWEB-0187             
1 48221U 21031M   21215.25002315  .00000014  00000-0  00000+0 0  9997
2 48221  87.8379 283.4385 0007555 320.1853 294.8972 13.58036692 14502
ONEWEB-0192             
1 48222U 21031N   21215.25002315  .00000014  00000-0  00000+0 0  9998
2 48222  87.8584 283.3686 0006401 306.7405 144.4613 13.52014732 14424
ONEWEB-0219             
1 48223U 21031P   21215.25002315  .00000015  00000-0  00000+0 0  9990
2 48223  87.8304 283.5029 0007832 274.5131 235.1514 13.69771514 14609
ONEWEB-0202             
1 48224U 21031Q   21215.25002315  .00000015  00000-0  00000+0 0  9991
2 48224  87.8135 283.4825 0008553 296.2206 312.9309 13.65850883 14575
ONEWEB-0204             
1 48225U 21031R   21215.25002315  .00000014  00000-0  00000+0 0  9991
2 48225  87.8242 283.4368 0005357 306.4669 357.9117 13.55361991 14519
ONEWEB-0205             
1 48226U 21031S   21215.25002315  .00000015  00000-0  00000+0 0  9993
2 48226  87.8766 283.4344 0009769 297.8785 169.9258 13.65846454 14507
ONEWEB-0206             
1 48227U 21031T   21215.25002315  .00000014  00000-0  00000+0 0  9993
2 48227  87.9066 283.3802 0006819 311.9455 136.5948 13.60161728 14454
ONEWEB-0182             
1 48228U 21031U   21215.25002315  .00000015  00000-0  00000+0 0  9995
2 48228  87.8527 283.5468 0005385 312.8801 198.8966 13.77483042 14644
ONEWEB-0186             
1 48229U 21031V   21215.25002315  .00000015  00000-0  00000+0 0  9996
2 48229  87.8520 283.5083 0006363 281.3073 210.4669 13.72027391 14602
ONEWEB-0181             
1 48230U 21031W   21215.25002315  .00000015  00000-0  00000+0 0  9998
2 48230  87.8336 283.3833 0007686 303.2833 355.8749 13.63350407 14461
ONEWEB-0188             
1 48231U 21031X   21215.25002315  .00000014  00000-0  00000+0 0  9998
2 48231  87.8718 283.3632 0005595 309.2611  20.4899 13.43459758 14390
ONEWEB-0220             
1 48232U 21031Y   21215.25002315  .00000015  00000-0  00000+0 0  9990
2 48232  87.8856 283.4998 0007988 278.7218 211.4974 13.78604780 14617
ONEWEB-0165             
1 48233U 21031Z   21215.25002315  .00000015  00000-0  00000+0 0  9991
2 48233  87.8561 283.4960 0007766 308.7026 235.0277 13.70521241 14581
ONEWEB-0199             
1 48234U 21031AA  21215.25002315  .00000014  00000-0  00000+0 0  9991
2 48234  87.8091 283.4444 0005422 309.3823  80.1262 13.55225539 14505
ONEWEB-0203             
1 48235U 21031AB  21215.25002315  .00000015  00000-0  00000+0 0  9993
2 48235  87.8765 283.3501 0009221 303.9459 152.7460 13.69593248 14475
ONEWEB-0197             
1 48236U 21031AC  21215.25002315  .00000014  00000-0  00000+0 0  9993
2 48236  87.8470 283.3890 0006288 323.3333 345.7456 13.47570333 14438
ONEWEB-0194             
1 48237U 21031AD  21215.25002315  .00000015  00000-0  00000+0 0  9995
2 48237  87.8580 283.5069 0005769 307.3432 137.5555 13.72181124 14572
ONEWEB-0193             
1 48238U 21031AE  21215.25002315  .00000015  00000-0  00000+0 0  9996
2 48238  87.8730 283.4682 0006492 281.0687  43.3132 13.67662507 14538
ONEWEB-0191             
1 48239U 21031AF  21215.25002315  .00000014  00000-0  00000+0 0  9996
2 48239  87.8615 283.3779 0007744 317.4590 333.8810 13.45562897 14420
ONEWEB-0195             
1 48240U 21031AG  21215.25002315  .00000014  00000-0  00000+0 0  9998
2 48240  87.8316 283.3670 0005701 297.0600 120.3219 13.43370273 14409
ONEWEB-0201             
1 48241U 21031AH  21215.25002315  .00000015  00000-0  00000+0 0  9990
2 48241  87.8347 283.5197 0008816 278.4994 138.1705 13.70948602 14593
ONEWEB-0207             
1 48242U 21031AJ  21215.25002315  .00000014  00000-0  00000+0 0  9990
2 48242  87.7906 283.4678 0006748 302.4553 330.4811 13.56472647 14532
ONEWEB-0208             
1 48243U 21031AK  21215.25002315  .00000015  00000-0  00000+0 0  9992
2 48243  87.8192 283.4711 0004933 294.7376 293.8451 13.61272489 14540
ONEWEB-0200             
1 48244U 21031AL  21215.25002315  .00000014  00000-0  00000+0 0  9992
2 48244  87.8454 283.4151 0009209 291.5949 337.6138 13.57113745 14477
ONEWEB-0217             
1 48245U 21031AM  21215.25002315  .00000014  00000-0  00000+0 0  9993
2 48245  87.8459 283.4100 0006503 318.7814  96.0693 13.49736274 14431
ONEWEB-0211             
1 48767U 21045A   21214.91667824 -.01398987  00000-0 -47828+0 0  9992
2 48767  87.6262 254.7502 0009148  50.7174  16.3422 14.39714262  3556
ONEWEB-0223             
1 48768U 21045B   21214.91667824 -.01409861  00000-0 -49712+0 0  9991
2 48768  87.6159 254.7170 0012148  28.5672  73.2138 14.38176372  3552
ONEWEB-0230             
1 48769U 21045C   21214.91667824 -.01055661  00000-0 -18942+0 0  9998
2 48769  87.7626 254.6255 0008492  41.0183 129.0920 14.69872927  3585
ONEWEB-0237             
1 48770U 21045D   21214.91667824 -.01420083  00000-0 -56618+0 0  9996
2 48770  87.5718 254.7326 0012873  42.7274  64.0889 14.31969810  3538
ONEWEB-0235             
1 48771U 21045E   21214.91667824 -.01360259  00000-0 -54548+0 0  9995
2 48771  87.6420 254.8290 0007741  54.7537 260.6316 14.32135884  3518
ONEWEB-0242             
1 48772U 21045F   21214.91667824 -.01374214  00000-0 -42816+0 0  9997
2 48772  87.6528 254.7058 0012451  47.0969  44.8601 14.44228553  3548
ONEWEB-0241             
1 48773U 21045G   21214.91667824 -.01343693  00000-0 -49804+0 0  9999
2 48773  87.5954 254.6981 0008894  39.7851 155.3928 14.36092955  3545
ONEWEB-0243             
1 48774U 21045H   21214.91667824 -.01365658  00000-0 -58314+0 0  9991
2 48774  87.5777 254.7708 0012656  46.0943 183.4702 14.28886968  3516
ONEWEB-0222             
1 48775U 21045J   21215.25002315 -.01466550  00000-0 -54041+0 0  9994
2 48775  87.5899 254.6206 0012062  41.3252 182.6218 14.36094262 11302
ONEWEB-0244             
1 48776U 21045K   21214.91667824  .00033349  00000-0  72599-2 0  9993
2 48776  87.6580 254.7144 0007815  50.1297 153.4965 14.57779124  3564
ONEWEB-0247             
1 48777U 21045L   21214.91667824 -.01432650  00000-0 -57430+0 0  9999
2 48777  87.5679 254.6953 0008389  40.5076  76.1269 14.31748723  3533
ONEWEB-0245             
1 48778U 21045M   21214.91667824 -.01408385  00000-0 -52494+0 0  9993
2 48778  87.5937 254.7288 0012766  39.9403  21.6089 14.35371868  3545
ONEWEB-0229             
1 48779U 21045N   21214.91667824 -.01421928  00000-0 -57706+0 0  9993
2 48779  87.5670 254.7318 0008835  53.5328  38.4829 14.31089405  3530
ONEWEB-0228             
1 48780U 21045P   21214.91667824 -.01420174  00000-0 -59909+0 0  9994
2 48780  87.5621 254.7466 0010969  31.2367 330.9771 14.29079301  3525
ONEWEB-0232             
1 48781U 21045Q   21214.91667824 -.01040353  00000-0 -15146+0 0  9997
2 48781  87.7907 254.5189 0011354  48.3154 322.9123 14.78773932  3580
ONEWEB-0231             
1 48782U 21045R   21214.91667824 -.01429775  00000-0 -56377+0 0  9998
2 48782  87.5790 254.7046 0010240  51.4350 305.3550 14.32576423  3528
ONEWEB-0234             
1 48783U 21045S   21214.91667824 -.01289776  00000-0 -39046+0 0  9998
2 48783  87.6198 254.6867 0010055  30.5293 324.0693 14.45997750  3520
ONEWEB-0238             
1 48784U 21045T   21214.91667824 -.01413191  00000-0 -53228+0 0  9997
2 48784  87.5922 254.7252 0011374  47.9094 226.5919 14.34862031  3528
ONEWEB-0240             
1 48785U 21045U   21214.91667824 -.01424306  00000-0 -46855+0 0  9996
2 48785  87.6304 254.7688 0008826  43.7978  31.5453 14.41690847  3530
ONEWEB-0246             
1 48786U 21045V   21215.25002315 -.01492074  00000-0 -70029+0 0  9990
2 48786  87.5271 254.6415 0009472  61.7077  64.3403 14.23695413 11248
ONEWEB-0210             
1 48787U 21045W   21214.91667824 -.01411602  00000-0 -59591+0 0  9994
2 48787  87.5570 254.7349 0011098  30.8330 280.7241 14.29020142  3527
ONEWEB-0214             
1 48788U 21045X   21214.91667824 -.01345200  00000-0 -63865+0 0  9994
2 48788  87.5387 254.7552 0008322  53.6568 304.1619 14.23313323  3500
ONEWEB-0221             
1 48789U 21045Y   21214.91667824 -.01427852  00000-0 -49061+0 0  9991
2 48789  87.6167 254.7206 0011533  25.0795 183.6615 14.39517979  3558
ONEWEB-0213             
1 48790U 21045Z   21214.91667824 -.01412754  00000-0 -51942+0 0  9999
2 48790  87.6081 254.7273 0012324  35.2349 198.3644 14.36076682 11277
ONEWEB-0212             
1 48791U 21045AA  21214.91667824 -.01435725  00000-0 -51561+0 0  9990
2 48791  87.6078 254.7271 0012521  32.3009 345.8524 14.37314497  3527
ONEWEB-0227             
1 48792U 21045AB  21214.91667824 -.01416263  00000-0 -57696+0 0  9992
2 48792  87.5542 254.8031 0009190  36.5687 234.0840 14.30877849  3522
ONEWEB-0226             
1 48793U 21045AC  21214.91667824 -.01363280  00000-0 -57623+0 0  9993
2 48793  87.5663 254.7048 0012150  54.4274 209.0914 14.29410497  3518
ONEWEB-0224             
1 48794U 21045AD  21214.91667824 -.01352792  00000-0 -67154+0 0  9990
2 48794  87.5186 254.7076 0009471  43.7229 208.5116 14.20969793  3510
ONEWEB-0233             
1 48795U 21045AE  21214.91667824 -.01375011  00000-0 -59950+0 0  9995
2 48795  87.5138 254.6956 0008166  57.2111 146.1107 14.27857989  3511
ONEWEB-0190             
1 48796U 21045AF  21214.91667824 -.01391314  00000-0 -53998+0 0  9996
2 48796  87.5629 254.7048 0012185  54.2878  42.2204 14.33280691  3525
ONEWEB-0236             
1 48797U 21045AG  21215.16667824 -.01431467  00000-0 -68806+0 0  9993
2 48797  87.5249 254.6226 0009026  59.6736 154.7231 14.22295011 11228
ONEWEB-0248             
1 48798U 21045AH  21214.91667824 -.01414264  00000-0 -45823+0 0  9996
2 48798  87.6386 254.7159 0010850  47.4118 304.5946 14.42407122  3548
ONEWEB-0225             
1 48799U 21045AJ  21214.91667824 -.01420246  00000-0 -42431+0 0  9996
2 48799  87.6489 254.6977 0009173  55.2614  62.3737 14.46414497  3559
ONEWEB-0215             
1 48800U 21045AK  21215.25002315 -.01394895  00000-0 -59055+0 0  9995
2 48800  87.5344 254.6015 0009886  55.6290 204.7227 14.28838806 11244
ONEWEB-0216             
1 48801U 21045AL  21214.91667824 -.01409055  00000-0 -65278+0 0  9999
2 48801  87.5209 254.7861 0009617  59.3600 182.0802 14.24179420  3517
ONEWEB-0239             
1 48802U 21045AM  21214.91667824 -.01435530  00000-0 -58991+0 0  9991
2 48802  87.6014 254.8828 0013372  49.9431 308.7120 14.30450850  3524
ONEWEB-0249             
1 48967U 21060A   21215.25002315 -.01472157  00000-0 -18060+0 0  9995
2 48967  87.4882 226.1366 0007655 143.6676 218.6099 14.86462765  6274
ONEWEB-0250             
1 48968U 21060B   21215.25002315 -.01476199  00000-0 -19120+0 0  9994
2 48968  87.4715 226.1334 0009369 129.2142  74.0737 14.84233814  6279
ONEWEB-0251             
1 48969U 21060C   21214.91667824 -.01709192  00000-0 -56437-1 0  9995
2 48969  87.4159 225.9340 0011580 154.3121 158.7504 15.34483319  6253
ONEWEB-0252             
1 48970U 21060D   21215.25002315 -.01436996  00000-0 -16919+0 0  9991
2 48970  87.4839 226.1020 0011683 145.1886 345.1707 14.88004118  6282
ONEWEB-0253             
1 48971U 21060E   21214.91667824 -.01339439  00000-0 -16531+0 0  9990
2 48971  87.4498 226.2391 0009280 132.7945 188.5872 14.86430227  3601
ONEWEB-0254             
1 48972U 21060F   21214.91667824 -.01365339  00000-0 -17973+0 0  9990
2 48972  87.4567 226.2517 0012004 150.3161 228.3152 14.83286241  6208
ONEWEB-0255             
1 48973U 21060G   21215.25002315 -.01397969  00000-0 -15440+0 0  9998
2 48973  87.4825 226.1137 0006743 144.4474 238.9831 14.91075925  6279
ONEWEB-0256             
1 48974U 21060H   21215.25002315 -.01395308  00000-0 -15726+0 0  9991
2 48974  87.4756 226.1311 0012800 143.8875  29.4956 14.90186054  6272
ONEWEB-0257             
1 48975U 21060J   21215.25002315 -.01477514  00000-0 -18948+0 0  9991
2 48975  87.4794 226.1560 0011382 129.2076  47.1312 14.84619801  6273
ONEWEB-0258             
1 48976U 21060K   21214.91667824 -.01389146  00000-0 -18010+0 0  9999
2 48976  87.4535 226.2592 0009324 137.7153 177.8756 14.83999178  6209
ONEWEB-0259             
1 48977U 21060L   21215.25002315 -.01444505  00000-0 -16847+0 0  9993
2 48977  87.4883 226.0999 0013258 143.9342  32.8807 14.88381141  6280
ONEWEB-0260             
1 48978U 21060M   21214.91667824 -.01300464  00000-0 -15772+0 0  9999
2 48978  87.4561 226.2340 0008777 134.4549 184.7570 14.87043972  6202
ONEWEB-0261             
1 48979U 21060N   21215.25002315 -.01431754  00000-0 -16414+0 0  9997
2 48979  87.4865 226.0863 0012015 143.5624  34.4606 14.89061925  6282
ONEWEB-0262             
1 48980U 21060P   21215.25002315 -.01459533  00000-0 -17293+0 0  9990
2 48980  87.4946 226.1325 0009602 143.0626 289.6398 14.87824367  6279
ONEWEB-0263             
1 48981U 21060Q   21215.25002315 -.01483571  00000-0 -19444+0 0  9990
2 48981  87.4706 226.1459 0010448 128.2858  43.4812 14.83751490  6273
ONEWEB-0264             
1 48982U 21060R   21214.91667824 -.01389180  00000-0 -18948+0 0  9994
2 48982  87.4469 226.2577 0010289 153.5499 136.3419 14.81890720  6203
ONEWEB-0265             
1 48983U 21060S   21215.25002315 -.00026508  00000-0 -65158-3 0  9991
2 48983  87.3966 225.7697 0008390 138.5263 150.3292 15.40795290  6324
ONEWEB-0266             
1 48984U 21060T   21215.25002315 -.01435678  00000-0 -18821+0 0  9996
2 48984  87.4674 226.1317 0011921 147.8764 295.5262 14.83615197  6264
ONEWEB-0267             
1 48985U 21060U   21215.25002315 -.01452678  00000-0 -20564+0 0  9993
2 48985  87.4461 226.1534 0007729 142.3429  32.6401 14.80516177  6258
ONEWEB-0268             
1 48986U 21060V   21214.91667824 -.01320027  00000-0 -14945+0 0  9996
2 48986  87.4838 226.2170 0008158 151.7097 194.9211 14.89872973  6211
ONEWEB-0269             
1 48987U 21060W   21215.25002315 -.01454112  00000-0 -16019+0 0  9990
2 48987  87.4909 226.1105 0007278 130.9846 301.3804 14.90761187  6275
ONEWEB-0270             
1 48988U 21060X   21215.25002315 -.01446723  00000-0 -16181+0 0  9990
2 48988  87.4964 226.0855 0013276 122.2374 197.3962 14.90066665  6292
ONEWEB-0271             
1 48989U 21060Y   21215.25002315 -.01387087  00000-0 -12734+0 0  9998
2 48989  87.5108 226.0560 0008998 155.3247 262.6417 14.98255554  6272
ONEWEB-0272             
1 48990U 21060Z   21214.91667824 -.01349289  00000-0 -16510+0 0  9992
2 48990  87.4749 226.2382 0008512 134.6060 179.9940 14.86814001  6224
ONEWEB-0273             
1 48991U 21060AA  21214.91667824 -.01327521  00000-0 -17298+0 0  9992
2 48991  87.4596 226.2431 0012656 146.1625 280.2687 14.84136945  6214
ONEWEB-0274             
1 48992U 21060AB  21215.25002315 -.01458887  00000-0 -15961+0 0  9994
2 48992  87.5052 226.1129 0009676 145.6020  77.0901 14.91020550  6287
ONEWEB-0275             
1 48993U 21060AC  21215.25002315 -.01470186  00000-0 -20840+0 0  9993
2 48993  87.4449 226.1535 0008866 152.2323  60.6599 14.80488170  6250
ONEWEB-0276             
1 48994U 21060AD  21215.25002315 -.01479418  00000-0 -19444+0 0  9999
2 48994  87.4635 226.1337 0011517 132.4850   2.9387 14.83613363  6273
ONEWEB-0277             
1 48995U 21060AE  21215.25002315 -.01448269  00000-0 -19875+0 0  9998
2 48995  87.4558 226.1523 0011118 154.9728 152.3419 14.81761122  6254
ONEWEB-0278             
1 48996U 21060AF  21214.91667824 -.01317715  00000-0 -14076+0 0  9992
2 48996  87.4946 226.1850 0013653 126.4334 203.1406 14.92110555  6242
ONEWEB-0279             
1 48997U 21060AG  21215.25002315 -.01457806  00000-0 -19313+0 0  9994
2 48997  87.4676 226.1383 0012582 137.8797 327.7101 14.83222757  6268
ONEWEB-0280             
1 48998U 21060AH  21215.25002315 -.01477216  00000-0 -21118+0 0  9998
2 48998  87.4392 226.1515 0007054 141.6649   4.0423 14.80168274  6259
ONEWEB-0281             
1 48999U 21060AJ  21214.91667824 -.01338389  00000-0 -14632+0 0  9993
2 48999  87.4983 226.1958 0011278 147.7514 127.5594 14.91277034  6233
ONEWEB-0282             
1 49000U 21060AK  21215.25002315 -.01468505  00000-0 -16875+0 0  9998
2 49000  87.4886 226.0932 0013836 133.3760 105.0509 14.89020865  6294
ONEWEB-0283             
1 49001U 21060AL  21214.91667824 -.01364616  00000-0 -15371+0 0  9991
2 49001  87.4883 226.2041 0013451 131.8868 142.7245 14.90122099  6244
ONEWEB-0284             
1 49002U 21060AM  21214.91667824 -.01352947  00000-0 -16849+0 0  9997
2 49002  87.4725 226.2252 0008755 130.6054 151.7058 14.86104621  6225
