TDRS 3                  
1 19548U 88091B   21213.86203451 -.00000300  00000-0  00000-0 0  9995
2 19548  13.9339 353.8918 0033886 325.7561 252.4526  1.00268216107539
FLTSATCOM 8 (USA 46)    
1 20253U 89077A   21213.90218538 -.00000080  00000-0  00000-0 0  9997
2 20253  12.9453   2.4402 0006838 107.8862 237.0690  1.00273531242756
SKYNET 4C               
1 20776U 90079A   21214.22509356  .00000125  00000-0  00000+0 0  9996
2 20776  13.8891   2.5232 0002415 151.0519 272.2863  1.00271669113098
TDRS 5                  
1 21639U 91054B   21213.76068241  .00000082  00000-0  00000-0 0  9993
2 21639  14.2518   7.2156 0023923  10.7564  38.8392  1.00271041109860
TDRS 6                  
1 22314U 93003B   21213.92898472 -.00000297  00000-0  00000-0 0  9994
2 22314  14.1021  10.4141 0009412 110.6567 118.1676  1.00267152104555
UFO 2 (USA 95)          
1 22787U 93056A   21213.73222924  .00000124  00000-0  00000-0 0  9996
2 22787  11.3886  12.9110 0003072 163.1882  66.7857  1.00268049100695
USA 99 (MILSTAR-1 1)    
1 22988U 94009A   21214.04749520 -.00000201  00000-0  00000+0 0  9995
2 22988  14.8253  46.5302 0003433  82.6001 108.8534  1.00272586 13794
ASTRA 1D                
1 23331U 94070A   21213.41486326 -.00000272  00000-0  00000-0 0  9997
2 23331   9.6648  39.7934 0003763  93.1121 253.7037  1.00270846 98426
USA 107 (DSP 17)        
1 23435U 94084A   21213.49061163 -.00000169  00000-0  00000-0 0  9998
2 23435  14.5845   8.3790 0002246 126.9480 255.1101  1.00275675 15102
UFO 4 (USA 108)         
1 23467U 95003A   21213.76098396 -.00000023  00000-0  00000-0 0  9992
2 23467   9.8481  19.0939 0007227  95.5147 282.2773  1.00274070 97103
AMSC 1                  
1 23553U 95019A   21214.04409300 -.00000095  00000-0  00000+0 0  9996
2 23553  11.6485  28.3461 0003276  62.7122 128.1695  1.00272073 96310
TDRS 7                  
1 23613U 95035B   21213.96699297 -.00000200  00000-0  00000+0 0  9995
2 23613  14.0884   1.0933 0028589  49.4333 333.0648  1.00268489 95308
USA 113                 
1 23628U 95038A   21213.89608551 -.00000342  00000-0  00000-0 0  9997
2 23628  11.7982  27.1764 0001366  73.0379 276.8022  1.00276584 15111
USA 115 (MILSTAR-1 2)   
1 23712U 95060A   21214.13288417 -.00000021  00000-0  00000+0 0  9992
2 23712  13.3955  16.6881 0002886 129.2005  92.9139  1.00271425 13791
INMARSAT 3-F1           
1 23839U 96020A   21213.36615649 -.00000154  00000-0  00000-0 0  9992
2 23839   6.8851  60.0744 0008385  61.8374 230.8806  0.99980793 92449
INMARSAT 3-F2           
1 24307U 96053A   21213.88026394 -.00000250  00000-0  00000-0 0  9996
2 24307   5.8000  69.2807 0009502  36.4618 312.4272  1.00005460 91116
AMC-1 (GE-1)            
1 24315U 96054A   21214.18938278  .00000064  00000-0  00000+0 0  9994
2 24315   4.8704  75.7520 0002897  56.9894 115.5350  1.00273462 91176
INMARSAT 3-F3           
1 24674U 96070A   21213.78455545  .00000124  00000-0  00000-0 0  9994
2 24674   6.4520  63.8197 0006969  58.8315 141.2484  0.99991458 90104
INTELSAT 26 (IS-26)     
1 24732U 97007A   21213.58973535 -.00000021  00000-0  00000-0 0  9999
2 24732   9.6138  40.5859 0004633  56.6449 131.5994  1.00273886 54880
GALAXY 25 (G-25)        
1 24812U 97026A   21214.14389088  .00000155  00000-0  00000+0 0  9992
2 24812   2.9041  86.8016 0004697  17.8449 290.9795  1.00268684 88522
INTELSAT 5 (IS-5)       
1 24916U 97046A   21213.67934892  .00000087  00000-0  00000-0 0  9990
2 24916   6.5511  63.1616 0003062  45.5695 309.3162  1.00271158 87767
AMC-3 (GE-3)            
1 24936U 97050A   21213.41486326 -.00000262  00000-0  00000-0 0  9999
2 24936   3.7684  82.3980 0002933  57.8707 247.3090  1.00272499 34573
NSS-5                   
1 24957U 97053A   21213.77341035  .00000101  00000-0  00000-0 0  9992
2 24957   6.7932  61.4197 0003537  67.9979 150.0793  1.00274607 87310
USA 134                 
1 25019U 97065A   21213.49001062 -.00000062  00000-0  00000+0 0  9993
2 25019  10.6851  33.4770 0003452  21.7881 319.0061  1.00273314 13741
ASTRA 1G                
1 25071U 97076A   21213.85409314  .00000114  00000-0  00000-0 0  9993
2 25071   5.5200  70.6222 0003567  57.9801 148.9528  1.00275548 86653
INMARSAT 3-F5           
1 25153U 98006B   21213.41412247 -.00000291  00000-0  00000-0 0  9996
2 25153   5.6921  67.9398 0004494  66.5669 270.8122  1.00274984 86036
UFO 8 (USA 138)         
1 25258U 98016A   21213.76038204 -.00000027  00000-0  00000-0 0  9995
2 25258   9.0857  31.1632 0003924 103.0001 261.7880  1.00270475 86004
ASTRA 2A                
1 25462U 98050A   21213.92271552  .00000148  00000-0  00000-0 0  9996
2 25462   2.6121  88.9762 0002133  31.5904 190.3005  1.00269778 28484
JCSAT-4A                
1 25630U 99006A   21213.98660446 -.00000310  00000-0  00000+0 0  9996
2 25630   5.5065  71.2563 0005799 144.9305 225.7812  1.00274846 82154
SKYNET 4E               
1 25639U 99009B   21213.70639205 -.00000035  00000-0  00000-0 0  9992
2 25639  11.0855  18.6625 0002255 115.8274  69.1333  1.00271570 33539
ASIASAT 3S              
1 25657U 99013A   21212.87483656 -.00000226  00000-0  00000-0 0  9993
2 25657   5.6842  69.7965 0004438  37.0112 305.7158  1.00272520 81958
NIMIQ 1                 
1 25740U 99027A   21213.83298205 -.00000198  00000-0  00000-0 0  9990
2 25740   2.0829  90.4049 0005810  37.9785  35.5922  1.00272435 81201
ABS-7                   
1 25894U 99046A   21213.91160418  .00000156  00000-0  00000-0 0  9997
2 25894   1.9634  91.0088 0003485  34.9252 186.3285  1.00269402 79276
ABS-6                   
1 25924U 99053A   21214.16901483 -.00000117  00000-0  00000+0 0  9999
2 25924   0.0510 302.8908 0003061 168.2997  59.6386  1.00271610 79991
AMC-4 (GE-4)            
1 25954U 99060A   21213.75158028  .00000089  00000-0  00000-0 0  9991
2 25954   0.7203  95.4696 0002961  39.7013 311.0546  1.00271689 25695
UFO 10 (USA 146)        
1 25967U 99063A   21213.86088117 -.00000189  00000-0  00000-0 0  9993
2 25967   8.3287  34.4369 0005909  92.4277 110.8461  1.00268790 79495
GALAXY 11 (G-11)        
1 26038U 99071A   21214.12618902 -.00000162  00000-0  00000+0 0  9993
2 26038   2.2082  91.5428 0000535 219.7996 311.9207  1.00272421 79222
USA 148                 
1 26052U 00001A   21213.75351056  .00000038  00000-0  00000-0 0  9998
2 26052   9.0377  44.2822 0002007  70.5689 287.3215  1.00274463 15101
ASIASTAR                
1 26107U 00016A   21213.83727868 -.00000336  00000-0  00000-0 0  9994
2 26107   4.9366  74.4209 0004229  57.9913 224.6588  1.00273577 78061
USA 149 (DSP 20)        
1 26356U 00024A   21213.75859906  .00000094  00000-0  00000-0 0  9999
2 26356  11.8483  23.6111 0002967 210.0551 184.5764  1.00263056 15061
EUTELSAT 80A            
1 26369U 00028A   21213.85125065 -.00000103  00000-0  00000-0 0  9992
2 26369   4.3412  78.2064 0003736 130.6872  35.7028  1.00273391 77583
TDRS 8                  
1 26388U 00034A   21213.52906251 -.00000232  00000-0  00000+0 0  9990
2 26388   9.8642  44.7388 0018987 347.0983 197.9225  1.00263769 77316
INTELSAT 9 (IS-9)       
1 26451U 00043A   21214.09007681 -.00000289  00000-0  00000+0 0  9995
2 26451   6.5394  63.3468 0002492  75.2159 154.7718  1.00273073 76990
NSS-11 (AAP-1)          
1 26554U 00059A   21213.88532361  .00000027  00000-0  00000-0 0  9990
2 26554   0.0422 285.9726 0002150 177.6718 341.7676  1.00272538 23452
USA 153                 
1 26575U 00065A   21213.87703622 -.00000326  00000-0  00000-0 0  9992
2 26575   8.5642  47.5971 0001480  74.5651 278.5606  1.00278009 15070
AMC-6 (GE-6)            
1 26580U 00067A   21213.75070792  .00000107  00000-0  00000-0 0  9998
2 26580   0.0148 353.9569 0002792 155.6451 292.1966  1.00272349 76065
INTELSAT 12 (IS-12)     
1 26590U 00068A   21213.79119604  .00000011  00000-0  00000-0 0  9994
2 26590   3.9000  82.6156 0006361  14.4714 202.5658  1.00272491 33854
INTELSAT 1R (IS-1R)     
1 26608U 00072A   21213.95328042 -.00000139  00000-0  00000+0 0  9996
2 26608   3.6953  83.4257 0000534 274.9784  92.6326  1.00271533 75802
ANIK F1                 
1 26624U 00076A   21213.68484479 -.00000060  00000-0  00000-0 0  9999
2 26624   0.6349  96.9134 0010698  19.3245 331.5770  1.00273246 25282
ASTRA 2D                
1 26638U 00081A   21214.15487854  .00000061  00000-0  00000+0 0  9992
2 26638   6.6246  62.3605 0001937  76.0959 285.4934  1.00270239 75549
AMC-8 (GE-8)            
1 26639U 00081B   21213.67978510  .00000088  00000-0  00000-0 0  9993
2 26639   1.6496  91.9796 0002716  41.8706 286.3592  1.00271520 75473
USA 157 (MILSTAR-2 2)   
1 26715U 01009A   21214.06013354  .00000013  00000-0  00000+0 0  9996
2 26715   9.7090  28.6072 0001799 129.9886  49.7515  1.00268674 13797
EUTELSAT 133 WEST A     
1 26719U 01011A   21213.68013404  .00000076  00000-0  00000-0 0  9996
2 26719   2.9334  85.7073 0003812  49.1812 287.5811  1.00274267 74683
INTELSAT 10 (IS-10)     
1 26766U 01019A   21213.81387740  .00000033  00000-0  00000+0 0  9990
2 26766   4.8268  75.9949 0002358  69.1050 276.3255  1.00274308 74072
INTELSAT 901 (IS-901)   
1 26824U 01024A   21213.42549303 -.00000201  00000-0  00000-0 0  9992
2 26824   0.0570 261.9332 0000805 248.5706 285.4024  1.00271338  5114
ASTRA 2C                
1 26853U 01025A   21213.40769223 -.00000277  00000-0  00000-0 0  9991
2 26853   3.7945  82.1885 0002881  66.6479 248.4668  1.00052495 27185
USA 159 (DSP 21)        
1 26880U 01033A   21213.86118270 -.00000299  00000-0  00000-0 0  9994
2 26880  11.1371  27.7422 0001261 153.8820  29.7944  1.00280271 15115
INTELSAT 902 (IS-902)   
1 26900U 01039A   21214.18979726 -.00000281  00000-0  00000+0 0  9990
2 26900   1.6095  92.5193 0003031  41.6239 195.0785  1.00270872 72923
USA 164 (MILSTAR-2 3)   
1 27168U 02001A   21211.62899573  .00000094  00000-0  00000+0 0  9995
2 27168   9.1744  30.2955 0002264  70.7164  92.8389  1.00274347 13779
ECHOSTAR 7              
1 27378U 02006A   21213.68275111  .00000002  00000-0  00000-0 0  9997
2 27378   0.0497 268.9540 0000838 206.1663 322.3694  1.00271875 32742
INTELSAT 904 (IS-904)   
1 27380U 02007A   21214.13141613 -.00000213  00000-0  00000+0 0  9995
2 27380   2.4450  89.3035 0003087  46.6300 192.8157  1.00272869 71233
TDRS 9                  
1 27389U 02011A   21213.42318302 -.00000290  00000-0  00000-0 0  9997
2 27389   8.3415  63.7125 0021669 292.7510  43.8719  1.00267804 72588
ASTRA 3A                
1 27400U 02015B   21214.11998823 -.00000205  00000-0  00000+0 0  9999
2 27400   6.7380  61.1822 0001279  87.6550 118.4582  1.00270118 70869
NSS-7                   
1 27414U 02019A   21213.84624191 -.00000159  00000-0  00000-0 0  9990
2 27414   5.1591  73.8333 0002355  64.2147  97.2563  1.00271909 70713
DIRECTV 5 (TEMPO 1)     
1 27426U 02023A   21214.13730057 -.00000054  00000-0  00000+0 0  9993
2 27426   0.3281  97.1751 0003227  40.0851 112.9837  1.00272118 70458
INTELSAT 905 (IS-905)   
1 27438U 02027A   21213.84536955 -.00000184  00000-0  00000-0 0  9993
2 27438   2.2660  90.1075 0002477  39.8432 100.5462  1.00272626 33519
GALAXY 3C (G-3C)        
1 27445U 02030A   21213.40062612 -.00000149  00000-0  00000+0 0  9991
2 27445   0.0264 307.4381 0001756  24.9120  27.0516  1.00270426 70100
EUTELSAT 5 WEST A       
1 27460U 02035A   21213.93382708 -.00000041  00000-0  00000-0 0  9994
2 27460   1.5354  92.8842 0004785  37.6063 151.4285  1.00271874 69765
METEOSAT-8 (MSG-1)      
1 27509U 02040B   21213.71485394  .00000134  00000-0  00000-0 0  9997
2 27509   7.4508  52.2661 0000075  31.7669 165.2038  1.00273696 69403
INTELSAT 906 (IS-906)   
1 27513U 02041A   21214.15008463  .00000016  00000-0  00000+0 0  9998
2 27513   1.2754  94.2780 0003350  46.6724 288.1810  1.00272520 69124
HISPASAT 30W-4          
1 27528U 02044A   21213.74974832  .00000118  00000-0  00000-0 0  9997
2 27528   2.0532  90.2295 0004788  40.6882 306.5015  1.00270053 25117
TDRS 10                 
1 27566U 02055A   21213.75545500  .00000088  00000-0  00000-0 0  9994
2 27566   7.6240  51.6610 0008497 340.3386  19.4448  1.00276828 68379
NSS-6                   
1 27603U 02057A   21214.17529581  .00000110  00000-0  00000+0 0  9991
2 27603   0.8114  95.3963 0004093  33.1603  75.9963  1.00273785 68186
NIMIQ 2                 
1 27632U 02062A   21214.08334917 -.00000229  00000-0  00000+0 0  9998
2 27632   5.2713  72.9287 0011987  27.6625 329.7861  1.00273567 68011
USA 167                 
1 27691U 03008A   21213.68065747  .00000053  00000-0  00000-0 0  9996
2 27691   7.4202  56.5758 0003461  33.9523 334.7581  1.00272975 15108
USA 169 (MILSTAR-2 4)   
1 27711U 03012A   21213.89265902 -.00000197  00000-0  00000+0 0  9991
2 27711   9.6504  42.2513 0002342  94.7936 287.1669  1.00272241 13798
GALAXY 12 (G-12)        
1 27715U 03013B   21213.68091916  .00000058  00000-0  00000-0 0  9991
2 27715   2.4789  88.8289 0001776  53.2318 284.5568  1.00273312 34239
ASIASAT 4               
1 27718U 03014A   21214.14493771  .00000156  00000-0  00000+0 0  9990
2 27718   0.1731 100.3148 0001762  38.8481 262.1712  1.00274774 67077
HELLAS-SAT 2            
1 27811U 03020A   21213.83123734 -.00000151  00000-0  00000-0 0  9992
2 27811   2.8968  87.9920 0004293  47.0930  19.5775  1.00271888 24993
THURAYA-2               
1 27825U 03026A   21214.14607178  .00000127  00000-0  00000+0 0  9998
2 27825   6.3503  33.9469 0004796  76.2496 297.3459  1.00273768 66495
OPTUS C1                
1 27831U 03028B   21213.88655389 -.00000150  00000-0  00000-0 0  9992
2 27831   2.4071  89.9667 0006070  44.1321 291.4462  1.00273752 35205
GALAXY 23 (G-23)        
1 27854U 03034A   21213.68257664  .00000015  00000-0  00000-0 0  9995
2 27854   0.0068  90.5300 0002959  42.9327 301.7745  1.00273042 65884
USA 170                 
1 27875U 03040A   21213.41109444 -.00000276  00000-0  00000-0 0  9998
2 27875   6.7150  61.9887 0004979  84.1326 269.5384  1.00267980 15109
GALAXY 13 (HORIZONS 1)  
1 27954U 03044A   21214.01160560  .00000050  00000-0  00000+0 0  9991
2 27954   0.0242  88.2335 0000470  28.7759  70.9728  1.00272307 65304
YAMAL 202               
1 28089U 03053A   21213.89955420 -.00000079  00000-0  00000+0 0  9995
2 28089   1.8407  91.3957 0007555  26.1143 320.5219  1.00272018 64825
UFO 11 (USA 174)        
1 28117U 03057A   21214.09302580 -.00000094  00000-0  00000+0 0  9994
2 28117   6.5540  37.8543 0005187  51.5802 329.5863  1.00271311 64577
USA 176 (DSP 22)        
1 28158U 04004A   21213.53070718 -.00000221  00000-0  00000-0 0  9998
2 28158   9.6789  37.0105 0001143 120.0557  71.7243  1.00272292 15072
ABS-4 (MOBISAT-1)       
1 28184U 04007A   21214.14947398  .00000042  00000-0  00000+0 0  9994
2 28184   1.5247  92.6558 0005425  41.3545 291.7352  1.00273526 63731
EUTELSAT 7A             
1 28187U 04008A   21213.75070792  .00000106  00000-0  00000+0 0  9990
2 28187   1.3149  90.7281 0004364  46.8685 303.9920  1.00271272 63723
AMC-11 (GE-11)          
1 28252U 04017A   21213.68057022  .00000071  00000-0  00000-0 0  9998
2 28252   0.0580 283.2647 0002565 209.8475 291.3804  1.00274086 63025
INTELSAT 10-02          
1 28358U 04022A   21213.84999306 -.00000009  00000-0  00000-0 0  9991
2 28358   0.0501 257.4581 0000728 244.3755 113.8158  1.00270682 62699
ANIK F2                 
1 28378U 04027A   21214.13730057 -.00000047  00000-0  00000+0 0  9998
2 28378   0.0163  77.7196 0001299 162.0008   9.5745  1.00272287 62507
AMC-15                  
1 28446U 04041A   21214.13174331 -.00000086  00000-0  00000+0 0  9990
2 28446   0.0197 354.1820 0002810 144.9660 114.1577  1.00272387 61493
AMC-16                  
1 28472U 04048A   21211.25354576 -.00000121  00000-0  00000-0 0  9998
2 28472   0.0135 253.4377 0001919  15.4294  43.7975  0.99683302 60810
NSS-10 (AMC-12)         
1 28526U 05003A   21213.84275248 -.00000250  00000-0  00000-0 0  9998
2 28526   1.9982  90.6927 0002817  39.4635  86.4271  1.00271266 35309
XTAR-EUR                
1 28542U 05005A   21213.05872233  .00000152  00000-0  00000-0 0  9998
2 28542   0.0150  79.6685 0002353  52.7560 227.5853  1.00270747 60330
XM-3 (RHYTHM)           
1 28626U 05008A   21213.18243766 -.00000204  00000-0  00000+0 0  9999
2 28626   0.0220  80.6737 0001014   7.3897 202.5258  1.00269185 60205
INMARSAT 4-F1           
1 28628U 05009A   21213.87341153 -.00000260  00000-0  00000-0 0  9990
2 28628   3.3930  31.5489 0002770 110.2312 266.8296  1.00272549 59825
DIRECTV 8               
1 28659U 05019A   21213.68275111  .00000004  00000-0  00000-0 0  9999
2 28659   0.0108 319.9474 0002496 176.7354 300.5423  1.00264821 59210
GALAXY 28 (G-28)        
1 28702U 05022A   21214.12618902 -.00000183  00000-0  00000+0 0  9999
2 28702   0.0131  50.2126 0000565  30.5805 186.5647  1.00270378 58973
EXPRESS-AM3             
1 28707U 05023A   21214.23308652  .00000135  00000-0  00000+0 0  9991
2 28707   2.7888  86.7608 0001042  77.1076 254.0434  1.00273951 58989
THAICOM 4               
1 28786U 05028A   21214.06646705 -.00000360  00000-0  00000+0 0  9999
2 28786   0.0176  73.2551 0002382  61.2257 319.8018  1.00271537 58478
GALAXY 14 (G-14)        
1 28790U 05030A   21213.92271552  .00000150  00000-0  00000-0 0  9992
2 28790   0.4630  95.1532 0002195  39.4009 170.4825  1.00515627 58454
ANIK F1R                
1 28868U 05036A   21213.68528096 -.00000072  00000-0  00000-0 0  9999
2 28868   0.0167 352.4024 0002278  96.1634   1.3220  1.00271585 28609
GALAXY 15 (G-15)        
1 28884U 05041A   21213.68013404  .00000081  00000-0  00000-0 0  9994
2 28884   0.0331 257.3425 0001773 243.1782 281.8110  1.00271816 57753
SYRACUSE 3A             
1 28885U 05041B   21213.91716135  .00000131  00000-0  00000-0 0  9998
2 28885   0.3260  97.5937 0003100  28.8510 201.4352  1.00273413 57899
INMARSAT 4-F2           
1 28899U 05044A   21214.15008463  .00000012  00000-0  00000+0 0  9998
2 28899   3.2684  34.1959 0002818 109.7629 284.9091  1.00272501 57659
TELKOM 2                
1 28902U 05046A   21214.12016271 -.00000050  00000-0  00000+0 0  9991
2 28902   0.1781  97.3170 0000917 108.5217  62.1734  0.99145198 57391
SPACEWAY 2              
1 28903U 05046B   21213.67899997  .00000105  00000-0  00000-0 0  9996
2 28903   1.1522  91.5299 0000349 143.2728 181.2252  1.00272877 33486
METEOSAT-9 (MSG-2)      
1 28912U 05049B   21213.85086542  .00000016  00000-0  00000-0 0  9994
2 28912   5.3069  68.2067 0000747  58.6733 133.4038  1.00274828 57181
EUTELSAT 174A           
1 28924U 05052A   21214.17206808  .00000013  00000-0  00000+0 0  9992
2 28924   0.0438  34.0587 0006159 100.0666  52.7890  1.00273425 57130
ECHOSTAR 10             
1 28935U 06003A   21213.68467031 -.00000053  00000-0  00000-0 0  9999
2 28935   0.0384 265.0895 0001349 240.8670 300.8077  1.00271854 56625
SPAINSAT                
1 28945U 06007A   21213.41353705 -.00000215  00000-0  00000+0 0  9996
2 28945   0.0555 250.3886 0004229 276.0956 262.6323  1.00271967 56377
EUTELSAT HOTBIRD 13E    
1 28946U 06007B   21214.10188052  .00000089  00000-0  00000+0 0  9993
2 28946   0.0557 137.6160 0006000  15.3428 207.5970  1.00272406 56453
JCSAT-5A                
1 29045U 06010A   21213.87651278 -.00000326  00000-0  00000-0 0  9992
2 29045   0.0056 103.6559 0001695  34.7029 259.9290  1.00271785 55904
ASTRA 1KR               
1 29055U 06012A   21214.14118656  .00000122  00000-0  00000+0 0  9996
2 29055   0.0601 264.6732 0003384 273.5900 202.6922  1.00271391 55898
EWS-G1 (GOES 13)        
1 29155U 06018A   21213.78549382  .00000040  00000-0  00000-0 0  9996
2 29155   0.0528 197.6991 0005621 354.8102 102.1336  1.00274206 25520
EUTELSAT 113 WEST A     
1 29162U 06020A   21214.13730057 -.00000035  00000-0  00000+0 0  9992
2 29162   0.0251 120.9752 0003090  14.4561 111.9394  1.00272286 55612
GALAXY 16 (G-16)        
1 29236U 06023A   21213.90224738 -.00000125  00000-0  00000+0 0  9995
2 29236   0.0271  99.4230 0002556  34.3373  42.7547  1.00272264 55410
EUTELSAT HOTBIRD 13B    
1 29270U 06032A   21213.92826992  .00000089  00000-0  00000-0 0  9994
2 29270   0.0661  25.6346 0002707 103.7947 168.4490  1.00271137 29452
JCSAT-3A                
1 29272U 06033A   21213.87572766 -.00000343  00000-0  00000-0 0  9992
2 29272   0.0163 105.5423 0002122  30.9860 257.4145  1.00271681 29888
SYRACUSE 3B             
1 29273U 06033B   21213.84920793 -.00000042  00000-0  00000-0 0  9993
2 29273   0.0125 114.0718 0005033  14.1642 122.9325  1.00271408 54853
KOREASAT 5 (MUGUNGWHA 5)
1 29349U 06034A   21214.09979948 -.00000356  00000-0  00000+0 0  9999
2 29349   0.0283 122.3584 0001876  47.5795 289.9422  1.00272900 54787
DIRECTV 9S              
1 29494U 06043A   21214.13174331 -.00000111  00000-0  00000+0 0  9997
2 29494   0.0244 135.7162 0002859   0.9704 120.4700  1.00272267 54256
OPTUS D1                
1 29495U 06043B   21213.85118848 -.00000108  00000-0  00000-0 0  9994
2 29495   0.0331 259.5308 0003512 235.6617 281.8873  1.00272378 54265
XM-4 (BLUES)            
1 29520U 06049A   21213.89901965 -.00000021  00000-0  00000+0 0  9996
2 29520   0.0491 273.8967 0000243 312.7533 292.4689  1.00272796 54147
BADR-4                  
1 29526U 06051A   21213.92271552  .00000147  00000-0  00000-0 0  9990
2 29526   0.0421 347.0706 0002037 184.4984 137.3225  1.00275979 33425
WILDBLUE-1              
1 29643U 06054A   21213.39739840 -.00000047  00000-0  00000-0 0  9993
2 29643   0.0380 253.4261 0001636 239.6307 209.0313  1.00272730 35936
AMC-18                  
1 29644U 06054B   21213.40298149 -.00000214  00000-0  00000-0 0  9994
2 29644   0.0473 274.2009 0002372 224.1218 233.9552  1.00272214 53690
MEASAT-3                
1 29648U 06056A   21214.15305066 -.00000083  00000-0  00000+0 0  9993
2 29648   0.1624 107.7534 0001189 251.0081  86.1058  1.00102871 53700
INSAT-4B                
1 30793U 07007A   21213.94563119 -.00000188  00000-0  00000-0 0  9991
2 30793   1.4330  93.2638 0002906 113.6280 169.8390  1.00272055 24356
SKYNET 5A               
1 30794U 07007B   21214.08457046 -.00000270  00000-0  00000+0 0  9990
2 30794   1.5507  90.2334 0003662  46.9203 299.3846  1.00269908 52806
ANIK F3                 
1 31102U 07009A   21213.68275111  .00000001  00000-0  00000-0 0  9994
2 31102   0.0118  67.7784 0001869  49.5060 320.2866  1.00270808 28706
ASTRA 1L                
1 31306U 07016A   21213.92271552  .00000122  00000-0  00000-0 0  9994
2 31306   0.0732 294.7522 0000680 239.1950 128.1459  1.00271739 27189
GALAXY 17 (G-17)        
1 31307U 07016B   21213.83210969 -.00000172  00000-0  00000-0 0  9996
2 31307   0.0195  66.8694 0003348  74.5070  17.8294  1.00272887 51957
ZHONGXING-6B            
1 31800U 07031A   21213.88382749 -.00000360  00000-0  00000-0 0  9991
2 31800   0.0112 108.3395 0003606  17.0669 258.9751  1.00273940 51572
DIRECTV 10              
1 31862U 07032A   21213.68589161 -.00000101  00000-0  00000-0 0  9998
2 31862   0.0042 250.5204 0000492 309.2137 254.8897  1.00272929 27763
SPACEWAY 3              
1 32018U 07036A   21213.40062612 -.00000150  00000-0  00000-0 0  9997
2 32018   0.0034 232.1860 0000327 320.3568 166.9318  1.00272300 28698
BSAT-3A                 
1 32019U 07036B   21214.09979948 -.00000348  00000-0  00000+0 0  9991
2 32019   0.0735 247.9586 0002883 300.6692 268.0509  1.00272275 51215
OPTUS D2                
1 32252U 07044A   21214.16761906 -.00000181  00000-0  00000+0 0  9995
2 32252   0.0158 321.2904 0003564 175.0307  26.9911  1.00271653 50594
INTELSAT 11 (IS-11)     
1 32253U 07044B   21214.18257503 -.00000266  00000-0  00000+0 0  9995
2 32253   0.0148 318.4718 0001671 191.0498 184.2081  1.00273292 50688
WGS F1 (USA 195)        
1 32258U 07046A   21214.13848225  .00000044  00000-0  00000+0 0  9997
2 32258   0.0248  93.7145 0001109  86.2451 186.8213  1.00275453 50474
STAR ONE C1             
1 32293U 07056A   21213.83725661 -.00000274  00000-0  00000-0 0  9998
2 32293   0.1947  97.4519 0002475  51.3968  38.1989  1.00271561 33925
SKYNET 5B               
1 32294U 07056B   21213.92271552  .00000144  00000-0  00000-0 0  9999
2 32294   0.7312  90.1200 0003786  46.5686 171.3181  1.00273000 50343
ASTRA 4A (SIRIUS 4)     
1 32299U 07057A   21214.13830778  .00000035  00000-0  00000+0 0  9998
2 32299   0.0510 281.4571 0002365 215.9998 228.0803  1.00272546 50117
HORIZONS 2              
1 32388U 07063B   21213.94563119 -.00000180  00000-0  00000-0 0  9997
2 32388   0.0234 312.4003 0002588 174.5920 249.0363  1.00272207 49965
THURAYA-3               
1 32404U 08001A   21213.94007986 -.00000301  00000-0  00000-0 0  9999
2 32404   3.8651  17.5483 0004489  94.7860 275.3410  1.00271868 49643
EXPRESS-AM33            
1 32478U 08003A   21213.93382708 -.00000080  00000-0  00000-0 0  9993
2 32478   0.2530  94.5316 0007073  38.9381 149.1620  1.00020327 35885
THOR 5                  
1 32487U 08006A   21213.93382708 -.00000007  00000-0  00000-0 0  9995
2 32487   0.0405 247.1503 0002276 249.1677 149.8390  1.00271997 49452
AMC-14                  
1 32708U 08011A   21213.71023043  .00000073  00000-0  00000-0 0  9999
2 32708  21.5941  42.1760 0039656  10.5474 171.5352  1.00277106 50300
DIRECTV 11              
1 32729U 08013A   21213.39975376 -.00000124  00000-0  00000-0 0  9991
2 32729   0.0015 121.4817 0000269  98.5366 134.9148  1.00273473 27735
ICO G1                  
1 32763U 08016A   21213.83176075 -.00000170  00000-0  00000-0 0  9991
2 32763   3.7883  20.8025 0002070 121.0119  15.4049  1.00271829 48693
VINASAT-1               
1 32767U 08018A   21213.98660446 -.00000326  00000-0  00000+0 0  9995
2 32767   0.0311 297.4754 0001726 216.6644 283.7677  1.00271960 48744
STAR ONE C2             
1 32768U 08018B   21213.83629701 -.00000262  00000-0  00000-0 0  9999
2 32768   0.0308 219.9775 0002710 307.7488  13.9733  1.00270621 48823
TIANLIAN 1-01           
1 32779U 08019A   21213.72253069 -.00000141  00000-0  00000+0 0  9995
2 32779   5.0222  70.5860 0027822 274.4028 305.6823  1.00272625 48616
AMOS-3                  
1 32794U 08022A   21213.70586865 -.00000033  00000-0  00000-0 0  9998
2 32794   0.0325 103.6708 0002232  22.5875  74.2570  1.00273120 64506
GALAXY 18 (G-18)        
1 32951U 08024A   21213.68214046  .00000027  00000-0  00000-0 0  9993
2 32951   0.0182  97.7050 0003049  45.0330 290.3131  1.00272552 27992
CHINASAT 9 (ZX 9)       
1 33051U 08028A   21214.08395981 -.00000245  00000-0  00000+0 0  9994
2 33051   0.0212 124.5195 0004181  16.5803 292.2274  1.00270533 48161
SKYNET 5C               
1 33055U 08030A   21213.84667809 -.00000137  00000-0  00000-0 0  9996
2 33055   0.0589   6.7784 0003941 135.8949  94.9425  1.00272838 48105
TURKSAT 3A              
1 33056U 08030B   21213.91716135  .00000148  00000-0  00000-0 0  9993
2 33056   0.0265  79.9833 0005109  36.8565 206.0385  1.00270724 34508
INTELSAT 25 (IS-25)     
1 33153U 08034A   21214.13106719 -.00000221  00000-0  00000+0 0  9993
2 33153   0.0382 253.5164 0002360 236.8464 196.2460  1.00274453 47780
BADR-6                  
1 33154U 08034B   21213.92271552  .00000147  00000-0  00000-0 0  9995
2 33154   0.0600  55.5511 0004330  64.3076 189.0006  1.00272167 47902
ECHOSTAR 11             
1 33207U 08035A   21213.39766009 -.00000055  00000-0  00000-0 0  9991
2 33207   0.0017 255.4717 0002482 227.8804 220.0109  1.00272009 33374
SUPERBIRD-C2            
1 33274U 08038A   21213.87341153 -.00000249  00000-0  00000-0 0  9995
2 33274   0.0099 106.5143 0001560  50.3559 252.1852  1.00271657 87872
AMC-21                  
1 33275U 08038B   21213.68179152  .00000038  00000-0  00000-0 0  9998
2 33275   0.0488 280.3495 0002578 218.3116 292.3661  1.00272936 47636
INMARSAT 4-F3           
1 33278U 08039A   21214.13174331 -.00000138  00000-0  00000+0 0  9998
2 33278   3.2169  16.4634 0002830 121.4911 122.4213  1.00272291 47417
NIMIQ 4                 
1 33373U 08044A   21214.16716024 -.00000218  00000-0  00000+0 0  9993
2 33373   0.0128  60.5504 0002214  54.9947 173.6076  1.00272409 46981
GALAXY 19 (G-19)        
1 33376U 08045A   21213.83088840 -.00000137  00000-0  00000-0 0  9999
2 33376   0.0128  76.3204 0002960  56.3591  20.0781  1.00270144 47056
ASTRA 1M                
1 33436U 08057A   21213.78228733  .00000122  00000-0  00000-0 0  9993
2 33436   0.0200  94.8142 0005178  44.0690 112.5285  1.00272656 27883
CIEL-2                  
1 33453U 08063A   21214.18938278  .00000061  00000-0  00000+0 0  9997
2 33453   0.0159 214.3673 0002912 289.1753 106.7687  1.00272374 46281
EUTELSAT HOTBIRD 13C    
1 33459U 08065A   21213.78106602  .00000089  00000-0  00000-0 0  9999
2 33459   0.0481  52.6053 0005504  68.9768 123.1653  1.00271141 29490
EUTELSAT 48D            
1 33460U 08065B   21213.85094969 -.00000098  00000-0  00000-0 0  9992
2 33460   0.6617  96.8688 0003229  34.2826 113.3782  1.00272348 46107
FENGYUN 2E              
1 33463U 08066A   21213.61854881 -.00000203  00000-0  00000-0 0  9995
2 33463   5.2064  67.0064 0002584 353.5185 199.1439  1.00265847 46234
EXPRESS-AM44            
1 33595U 09007A   21213.84944486 -.00000086  00000-0  00000-0 0  9992
2 33595   0.0362 250.4033 0000647  15.1748 339.8784  1.00273384 45704
NSS-9                   
1 33749U 09008A   21213.81492421  .00000074  00000-0  00000-0 0  9994
2 33749   0.0582 282.5226 0002043 212.8584 291.6852  1.00272303 45672
EUTELSAT 33E            
1 33750U 09008B   21214.14389088  .00000158  00000-0  00000+0 0  9999
2 33750   0.0586  38.3007 0003467  97.9734 259.5785  1.00279383 45754
TELSTAR 11N             
1 34111U 09009A   21214.12984589 -.00000248  00000-0  00000+0 0  9998
2 34111   0.0090  54.0124 0002394  66.0716 200.0399  1.00272938 45566
EUTELSAT 10A            
1 34710U 09016A   21213.85226118  .00000070  00000-0  00000-0 0  9990
2 34710   0.0657  27.0100 0005484 105.2913 135.1692  1.00273481 23409
WGS F2 (USA 204)        
1 34713U 09017A   21214.16074807  .00000071  00000-0  00000+0 0  9995
2 34713   0.0270  92.4000 0000333 186.6769 147.2609  1.00270709 45099
SES-7 (PROTOSTAR 2)     
1 34941U 09027A   21213.93452278 -.00000343  00000-0  00000-0 0  9999
2 34941   0.0134  72.2015 0000473 180.2360 142.9689  1.00270812 44763
MEASAT-3A               
1 35362U 09032A   21214.14354911 -.00000239  00000-0  00000+0 0  9995
2 35362   0.0577 248.0045 0002518 292.2248 273.9036  1.00273244 44380
GOES 14                 
1 35491U 09033A   21213.49031069 -.00000092  00000-0  00000-0 0  9990
2 35491   0.4121 105.1351 0011849 104.3967 173.0268  1.00271741 44267
FM-5                    
1 35493U 09034A   21214.16716024 -.00000198  00000-0  00000+0 0  9995
2 35493   0.0269 318.3888 0000630  46.7751 279.8403  1.00272895 44129
TERRESTAR-1             
1 35496U 09035A   21213.68449583 -.00000055  00000-0  00000-0 0  9991
2 35496   2.8153  30.7487 0002737 106.1419 309.0178  1.00271566 44282
ASIASAT 5               
1 35696U 09042A   21213.94007986 -.00000305  00000-0  00000-0 0  9995
2 35696   0.0388 260.2862 0001943 206.0362 283.3493  1.00273549 43833
JCSAT-RA (JCSAT-12)     
1 35755U 09044A   21213.88392784 -.00000029  00000-0  00000-0 0  9992
2 35755   0.0627 257.0786 0002054 247.6213 293.0855  1.00273633 43759
OPTUS D3                
1 35756U 09044B   21213.85118848 -.00000145  00000-0  00000-0 0  9996
2 35756   0.0457 323.6378 0002702 154.5254 294.9190  1.00272689 43706
NIMIQ 5                 
1 35873U 09050A   21213.83568637 -.00000255  00000-0  00000-0 0  9998
2 35873   0.0074  50.9403 0003005 103.0061  24.8468  1.00272915 43500
AMAZONAS 2              
1 35942U 09054A   21214.05342723 -.00000280  00000-0  00000+0 0  9997
2 35942   0.0347 126.7377 0005001  15.2218 127.1242  1.00270292 43321
COMSATBW-1              
1 35943U 09054B   21214.07966255  .00000026  00000-0  00000+0 0  9999
2 35943   0.0449  84.2013 0003499  53.4499 264.9352  1.00274087 43412
NSS-12                  
1 36032U 09058A   21213.95118826  .00000074  00000-0  00000-0 0  9996
2 36032   0.0290 307.6199 0002819 195.2141 207.3379  1.00272065 43062
THOR 6                  
1 36033U 09058B   21213.93382708 -.00000008  00000-0  00000-0 0  9995
2 36033   0.0155 211.2408 0001666 273.7411 161.0956  1.00271328 43155
INTELSAT 14 (IS-14)     
1 36097U 09064A   21213.84126948 -.00000271  00000-0  00000-0 0  9996
2 36097   0.0152 100.5102 0002384  36.9514  71.0606  1.00272708 42765
EUTELSAT 36B            
1 36101U 09065A   21213.91160418  .00000157  00000-0  00000-0 0  9993
2 36101   0.0663  26.6463 0004446 108.6658 179.4680  1.00273940 42868
INTELSAT 15 (IS-15)     
1 36106U 09067A   21213.94563119 -.00000183  00000-0  00000-0 0  9998
2 36106   0.0140  51.5790 0002219  87.3742 237.3677  1.00272972 23375
WGS F3 (USA 211)        
1 36108U 09068A   21213.68240218  .00000021  00000-0  00000-0 0  9994
2 36108   0.0722  98.1627 0000735 207.7145 128.3699  1.00270718 28751
DIRECTV 12              
1 36131U 09075A   21213.39905587 -.00000102  00000-0  00000-0 0  9994
2 36131   0.0403 244.1064 0000220 345.5440 121.5049  1.00272091 28704
BEIDOU 3                
1 36287U 10001A   21214.04871841 -.00000279  00000-0  00000+0 0  9999
2 36287   1.9435  48.1369 0005953  84.8591 335.8566  1.00272408 42318
RADUGA-1M 2             
1 36358U 10002A   21213.94563119 -.00000182  00000-0  00000-0 0  9997
2 36358   0.0826 251.6962 0002603 252.7848 231.6884  1.00272590 32240
SDO                     
1 36395U 10005A   21213.25049288 -.00000086  00000-0  00000-0 0  9994
2 36395  31.0462 114.4661 0000712 328.1813 215.3745  1.00269688 42208
INTELSAT 16 (IS-16)     
1 36397U 10006A   21214.16716024 -.00000242  00000-0  00000+0 0  9990
2 36397   0.0158  73.8603 0001952  72.4547 148.6320  1.00272206 41860
GOES 15                 
1 36411U 10008A   21213.68118087  .00000056  00000-0  00000-0 0  9993
2 36411   0.2239 116.6492 0004446 301.3545   9.8111  1.00264786 41820
ECHOSTAR 14             
1 36499U 10010A   21213.68275111  .00000002  00000-0  00000-0 0  9995
2 36499   0.0096  61.9356 0002853  68.8019 306.6437  1.00272798 28700
SES-1                   
1 36516U 10016A   21213.39940483 -.00000113  00000-0  00000-0 0  9994
2 36516   0.0433 275.9929 0002500 209.3543 227.6453  1.00272348 41189
ASTRA 3B                
1 36581U 10021A   21213.92271552  .00000139  00000-0  00000-0 0  9992
2 36581   0.0311  14.2674 0004156 124.2701 167.8491  1.00273759 41024
COMSATBW-2              
1 36582U 10021B   21213.85287184  .00000090  00000-0  00000-0 0  9999
2 36582   0.0110  84.9278 0002156  63.9288 122.0387  1.00269874 41102
BADR-5                  
1 36592U 10025A   21213.92271552  .00000147  00000-0  00000-0 0  9997
2 36592   0.0255 120.5225 0004973  27.8511 160.5224  1.00269446 35362
COMS 1                  
1 36744U 10032A   21213.87572766 -.00000343  00000-0  00000-0 0  9998
2 36744   0.3245  95.4985 0000687  45.2145 253.3821  1.00271934 33234
ARABSAT-5A              
1 36745U 10032B   21213.92271552  .00000156  00000-0  00000-0 0  9995
2 36745   0.0609  47.6713 0005173  98.9053 166.8004  1.00272699 40791
ECHOSTAR 15             
1 36792U 10034A   21213.83795451 -.00000279  00000-0  00000-0 0  9995
2 36792   0.0074 239.8764 0001618 226.3666  84.4173  1.00273716 40486
BEIDOU 5                
1 36828U 10036A   21213.88237450 -.00000081  00000-0  00000-0 0  9993
2 36828  54.1834 179.1702 0114855 235.6027 328.5177  1.00246066 40361
NILESAT 201             
1 36830U 10037A   21213.84885899 -.00000055  00000-0  00000-0 0  9990
2 36830   0.0474 167.5751 0005850 317.9784 123.6984  1.00273366 40517
RASCOM-QAF 1R           
1 36831U 10037B   21213.85077817  .00000021  00000-0  00000-0 0  9997
2 36831   0.0289 105.0369 0004537  29.1724 125.6290  1.00273228 40442
AEHF-1 (USA 214)        
1 36868U 10039A   21214.01854913  .00000024  00000-0  00000+0 0  9990
2 36868   3.7358  91.1743 0006775  23.2219 207.0082  1.00270133 40581
CHINASAT 6A (ZX 6A)     
1 37150U 10042A   21212.94209546 -.00000354  00000-0  00000-0 0  9993
2 37150   0.0258 158.6805 0001578 295.4231 319.8814  1.00269910 40043
QZS-1 (MICHIBIKI-1)     
1 37158U 10045A   21213.66085488 -.00000195  00000-0  00000-0 0  9994
2 37158  42.0075 137.8320 0762859 270.8688 278.8114  1.00255531 39885
XM-5                    
1 37185U 10053A   21214.05235150 -.00000203  00000-0  00000+0 0  9999
2 37185   0.0308 219.4602 0000948  13.9324  11.1910  1.00272814 39598
BSAT-3B                 
1 37207U 10056B   21214.09979948 -.00000348  00000-0  00000+0 0  9991
2 37207   0.0605 306.3279 0000614 331.2992 179.0481  1.00271143 39429
BEIDOU 6                
1 37210U 10057A   21214.16927654 -.00000109  00000-0  00000+0 0  9996
2 37210   0.9159  52.4624 0005678 124.0979 355.4000  1.00272522 39437
SKYTERRA 1              
1 37218U 10061A   21214.13174331 -.00000116  00000-0  00000+0 0  9990
2 37218   2.1764  19.3079 0001628 145.9492  91.8006  1.00272821 39372
ZHONGXING-20A           
1 37234U 10064A   21213.94717389 -.00000349  00000-0  00000+0 0  9993
2 37234   1.8549  92.2490 0003416  31.2282 294.6583  1.00271070 39171
HYLAS 1                 
1 37237U 10065A   21213.85118848 -.00000121  00000-0  00000-0 0  9991
2 37237   1.1192  93.5581 0001868  41.8057 280.4680  1.00271361 39121
INTELSAT 17 (IS-17)     
1 37238U 10065B   21213.95118826  .00000001  00000-0  00000-0 0  9995
2 37238   0.0346 224.1913 0002682 272.4158 222.5701  1.00271903 35399
BEIDOU 7                
1 37256U 10068A   21212.15704604 -.00000218  00000-0  00000+0 0  9994
2 37256  50.7793 293.4773 0091537 217.6683 330.8328  1.00299123 38925
EUTELSAT KA-SAT 9A      
1 37258U 10069A   21213.85199948  .00000064  00000-0  00000-0 0  9993
2 37258   0.0876 270.4555 0006107 212.7082 143.2027  1.00271311 26151
HISPASAT 30W-5          
1 37264U 10070A   21213.84423549 -.00000214  00000-0  00000-0 0  9996
2 37264   0.0142 129.1807 0005949  12.3318  83.0795  1.00272138 35334
KOREASAT 6              
1 37265U 10070B   21214.09979948 -.00000359  00000-0  00000+0 0  9993
2 37265   0.0170  42.5477 0001505  85.6121 334.6750  1.00272367 38834
BEIDOU 8                
1 37384U 11013A   21213.87929998 -.00000186  00000-0  00000-0 0  9997
2 37384  59.8375  57.4411 0054058 207.0049 120.4135  1.00293397 37819
INTELSAT NEW DAWN       
1 37392U 11016A   21214.07209572  .00000158  00000-0  00000+0 0  9998
2 37392   0.0340 233.3716 0001417 274.1844 222.0616  1.00274576 37664
YAHSAT 1A               
1 37393U 11016B   21213.36577162  .00000102  00000-0  00000-0 0  9993
2 37393   0.0184  80.5103 0002006  25.4628  28.3667  1.00270195 24544
SBIRS GEO-1 (USA 230)   
1 37481U 11019A   21214.09873995 -.00000006  00000-0  00000+0 0  9991
2 37481   1.8059   4.9700 0002243 124.2637 283.4134  1.00272324 37493
TELSTAR 14R             
1 37602U 11021A   21214.12478620 -.00000277  00000-0  00000+0 0  9999
2 37602   0.0307 317.2386 0001696 126.6725 208.9243  1.00273351 37933
GSAT-8                  
1 37605U 11022A   21214.14910345  .00000087  00000-0  00000+0 0  9998
2 37605   0.0153  88.7971 0002606 174.0881 156.8116  1.00271586 37395
ST-2                    
1 37606U 11022B   21213.90331971 -.00000209  00000-0  00000-0 0  9992
2 37606   0.0213  87.6656 0001370  84.9772 191.2740  1.00270767 37426
CHINASAT 10 (ZX 10)     
1 37677U 11026A   21213.93452278 -.00000350  00000-0  00000-0 0  9998
2 37677   0.0538 249.5653 0004675 274.8140 233.2942  1.00274670 37147
TIANLIAN 1-02           
1 37737U 11032A   21214.21331806 -.00000016  00000-0  00000+0 0  9995
2 37737   2.4178  74.6455 0019250  92.0223  32.0928  1.00271618 36871
GSAT-12                 
1 37746U 11034A   21213.91716135  .00000126  00000-0  00000-0 0  9997
2 37746   0.5794  96.4842 0010814   2.9871 229.3822  1.00273073 25646
SES-3                   
1 37748U 11035A   21214.04505259 -.00000099  00000-0  00000+0 0  9997
2 37748   0.0358 307.1372 0002994 181.7343  95.1924  1.00272142 36841
KAZSAT-2                
1 37749U 11035B   21213.90331971 -.00000196  00000-0  00000-0 0  9999
2 37749   0.0256 143.7518 0001516  45.3613 173.2849  1.00273528 35537
BEIDOU 9                
1 37763U 11038A   21213.37679313 -.00000023  00000-0  00000-0 0  9993
2 37763  54.4693 181.6249 0084384 227.0378 130.2730  1.00256190 36780
ASTRA 1N                
1 37775U 11041A   21214.10188052  .00000122  00000-0  00000+0 0  9995
2 37775   0.0417 359.8852 0004085  83.6321 283.2447  1.00270762 36557
BSAT-3C (JCSAT-110R)    
1 37776U 11041B   21213.93452278 -.00000349  00000-0  00000-0 0  9993
2 37776   0.0139  80.1761 0000143 316.8252   0.1251  1.00272250 32624
PAKSAT-1R               
1 37779U 11042A   21214.07314255  .00000156  00000-0  00000+0 0  9999
2 37779   0.0421 245.8809 0004404 182.8464 306.4778  1.00273316 36437
CHINASAT 1A (ZX 1A)     
1 37804U 11047A   21213.89205771 -.00000335  00000-0  00000+0 0  9994
2 37804   0.0278 171.1068 0000556 102.7160 127.8708  1.00274369 36226
SES-2                   
1 37809U 11049A   21214.12618902 -.00000193  00000-0  00000+0 0  9994
2 37809   0.0564 276.5813 0002659 215.5204 137.2504  1.00272549 36143
ARABSAT-5C              
1 37810U 11049B   21213.92271552  .00000125  00000-0  00000-0 0  9994
2 37810   0.0548   8.9574 0006248 145.7179 148.2147  1.00270697 36205
EUTELSAT 7 WEST A       
1 37816U 11051A   21214.13586517 -.00000058  00000-0  00000+0 0  9992
2 37816   0.0680  39.8644 0004383 107.2906 205.3941  1.00272131 36121
QUETZSAT 1              
1 37826U 11054A   21213.83490124 -.00000239  00000-0  00000-0 0  9992
2 37826   0.0150 356.7524 0002764 144.4207  33.0306  1.00273608 32048
INTELSAT 18 (IS-18)     
1 37834U 11056A   21213.81431358  .00000055  00000-0  00000+0 0  9999
2 37834   0.0147  33.6230 0001808 101.6351 288.5265  1.00273380 35996
EUTELSAT 16A            
1 37836U 11057A   21214.10188052  .00000106  00000-0  00000+0 0  9992
2 37836   0.0653   7.0512 0004982 121.1593 235.3649  1.00270266 35940
VIASAT-1                
1 37843U 11059A   21213.45396609 -.00000022  00000-0  00000-0 0  9997
2 37843   0.0212  83.1522 0002520  54.8720 220.5608  1.00270990 29460
ASIASAT 7               
1 37933U 11069A   21213.94298656 -.00000332  00000-0  00000-0 0  9999
2 37933   0.0158 131.6632 0001663 341.4245 282.6335  1.00273917 35616
BEIDOU 10               
1 37948U 11073A   21213.92583917 -.00000154  00000-0  00000-0 0  9997
2 37948  50.8847 293.0824 0077359 215.5079 231.2903  1.00283240 35551
LUCH 5A                 
1 37951U 11074B   21214.09878992 -.00000048  00000-0  00000+0 0  9992
2 37951   4.2263 104.3410 0005408   2.4298  46.5877  1.00271372 35344
NIGCOMSAT 1R            
1 38014U 11077A   21213.91716135  .00000147  00000-0  00000-0 0  9996
2 38014   0.0027 160.7601 0002087 299.4392 223.1977  1.00270710 35101
FENGYUN 2F              
1 38049U 12002A   21213.94429510 -.00000356  00000-0  00000-0 0  9997
2 38049   3.0203  81.9145 0002663  63.8502 256.6747  1.00260606 35032
WGS F4 (USA 233)        
1 38070U 12003A   21213.74980191 -.00000213  00000-0  00000-0 0  9999
2 38070   0.0164 100.1517 0000402 119.6019  89.1502  1.00271093 26296
SES-4                   
1 38087U 12007A   21213.70229197 -.00000166  00000-0  00000-0 0  9996
2 38087   0.0085  19.6763 0002499 113.6891  47.9698  1.00271567 34397
BEIDOU 11               
1 38091U 12008A   21213.95118826  .00000057  00000-0  00000-0 0  9993
2 38091   1.6474  68.8918 0007232 340.8689 302.1470  1.00274588 34624
MUOS-1                  
1 38093U 12009A   21213.39957929 -.00000126  00000-0  00000-0 0  9997
2 38093   2.6474  22.2839 0053821   3.5763 328.2269  1.00271211 34584
INTELSAT 22 (IS-22)     
1 38098U 12011A   21213.86456146 -.00000057  00000-0  00000-0 0  9995
2 38098   0.0094 277.2215 0002682 214.9835 201.8171  1.00271202 33965
APSTAR 7                
1 38107U 12013A   21214.15261448 -.00000099  00000-0  00000+0 0  9995
2 38107   0.0151 110.8251 0003255  31.0395 300.5222  1.00271992 34329
YAHSAT 1B               
1 38245U 12016A   21213.91716135  .00000129  00000-0  00000-0 0  9996
2 38245   0.0152  90.9542 0001806  17.1445 220.4006  1.00270141 27748
AEHF-2 (USA 235)        
1 38254U 12019A   21214.09563395 -.00000274  00000-0  00000+0 0  9998
2 38254   2.7076  57.2535 0008710  59.1516 161.2560  1.00266170 33826
JCSAT-13                
1 38331U 12023A   21213.99216171 -.00000354  00000-0  00000+0 0  9993
2 38331   0.0107  97.8590 0002587  55.0674 279.0529  1.00271563 33729
VINASAT-2               
1 38332U 12023B   21213.87651278 -.00000327  00000-0  00000-0 0  9993
2 38332   0.0415 276.7788 0001987 219.1791 262.1112  1.00272765 28804
NIMIQ 6                 
1 38342U 12026A   21213.83202245 -.00000171  00000-0  00000-0 0  9996
2 38342   0.0353 277.0143 0002039 212.5407  29.5027  1.00272527 32570
CHINASAT 2A (ZX 2A)     
1 38352U 12028A   21213.94007986 -.00000291  00000-0  00000-0 0  9999
2 38352   0.0296 155.0471 0001485 267.4840 324.8956  1.00273559 33524
INTELSAT 19 (IS-19)     
1 38356U 12030A   21214.17041060 -.00000054  00000-0  00000+0 0  9999
2 38356   0.0183  83.6870 0003142  56.5016  38.1275  1.00272692 33667
ECHOSTAR 17             
1 38551U 12035A   21213.39818352 -.00000074  00000-0  00000-0 0  9993
2 38551   0.0180  89.8325 0002047  41.0432 215.5736  1.00272375 33209
METEOSAT-10 (MSG-3)     
1 38552U 12035B   21213.85208671  .00000063  00000-0  00000-0 0  9999
2 38552   1.2169  15.3471 0001454 125.3103 126.0308  1.00276545 33000
SES-5                   
1 38652U 12036A   21213.93382708  .00000036  00000-0  00000-0 0  9994
2 38652   0.0531 284.1015 0001916 213.2827 154.5084  1.00272815 26649
TIANLIAN 1-03           
1 38730U 12040A   21214.21315619  .00000127  00000-0  00000+0 0  9995
2 38730   1.2175  95.8087 0005406 347.1064 325.2072  1.00272603 33138
INTELSAT 20 (IS-20)     
1 38740U 12043A   21214.14354911 -.00000022  00000-0  00000+0 0  9994
2 38740   0.0158 100.5912 0000972  92.9511 237.5804  1.00270663 32987
HYLAS 2                 
1 38741U 12043B   21214.14354194  .00000157  00000-0  00000+0 0  9996
2 38741   0.0571 268.5992 0001741 226.2525 258.8120  1.00274286 33008
INTELSAT 21 (IS-21)     
1 38749U 12045A   21213.83865240 -.00000282  00000-0  00000-0 0  9991
2 38749   0.0172  96.4126 0002158  43.7529  54.3999  1.00272449 32684
ASTRA 2F                
1 38778U 12051A   21213.92271552  .00000152  00000-0  00000-0 0  9992
2 38778   0.1018 252.7884 0002788 294.3175 123.9957  1.00269316 23264
GSAT-10                 
1 38779U 12051B   21214.15383578 -.00000162  00000-0  00000+0 0  9992
2 38779   0.0368 272.1130 0001524 231.1655 306.0697  1.00271047 32440
INTELSAT 23 (IS-23)     
1 38867U 12057A   21213.83961198 -.00000283  00000-0  00000+0 0  9994
2 38867   0.0576 260.1086 0001896 248.4228  51.3525  1.00270552 32254
BEIDOU 16               
1 38953U 12059A   21212.35971426 -.00000176  00000-0  00000-0 0  9995
2 38953   1.2029  83.7195 0011408 299.4806 139.4281  1.00270846 32189
LUCH 5B                 
1 38977U 12061A   21214.11716097 -.00000136  00000-0  00000+0 0  9996
2 38977   6.6058  64.9205 0004760  58.4291 213.4197  1.00271457 32327
YAMAL 300K              
1 38978U 12061B   21213.87334823  .00000073  00000-0  00000+0 0  9991
2 38978   0.0164  34.9432 0000647 303.0416 110.0491  1.00272558 32020
STAR ONE C3             
1 38991U 12062A   21213.83525019 -.00000247  00000-0  00000-0 0  9997
2 38991   0.0107  23.2194 0002094 115.4850  37.6391  1.00273193 31919
EUTELSAT 21B            
1 38992U 12062B   21213.92271552  .00000132  00000-0  00000-0 0  9990
2 38992   0.0652   6.1585 0002884 120.9411 177.4036  1.00269804 31980
ECHOSTAR 16             
1 39008U 16039B   21213.40725605 -.00000280  00000-0  00000-0 0  9998
2 39008   0.0156  84.5145 0001999  45.0233 265.7842  1.00271979 31763
CHINASAT 12 (ZX 12)     
1 39017U 12067A   21213.90331971 -.00000205  00000-0  00000+0 0  9995
2 39017   0.0125 109.0700 0002831  29.2857 225.0379  1.00273370 31863
EUTELSAT 70B            
1 39020U 12069A   21214.07959801 -.00000041  00000-0  00000+0 0  9996
2 39020   0.0702 333.3226 0004778 198.4748 238.2429  1.00270592 31767
YAMAL 402               
1 39022U 12070A   21213.95118826  .00000088  00000-0  00000-0 0  9991
2 39022   0.0269 113.4486 0002286  21.6351 212.9915  1.00272233 31539
SKYNET 5D               
1 39034U 12075A   21213.91716135  .00000102  00000-0  00000-0 0  9999
2 39034   0.0739 352.7561 0003169 151.8813 189.0510  1.00269171 31314
MEXSAT 3                
1 39035U 12075B   21214.13730057 -.00000023  00000-0  00000+0 0  9996
2 39035   0.0173  77.2318 0001836  75.9689  92.3629  1.00271702 31626
TDRS 11                 
1 39070U 13004A   21213.81544763  .00000086  00000-0  00000-0 0  9998
2 39070   3.2742 338.3306 0005425  83.3873   8.0797  1.00275032 28846
AMAZONAS 3              
1 39078U 13006A   21214.05342723 -.00000280  00000-0  00000+0 0  9993
2 39078   0.0527 251.8801 0003386 282.9041  94.3106  1.00273259 31123
AZERSPACE 1             
1 39079U 13006B   21213.91716135  .00000135  00000-0  00000-0 0  9999
2 39079   0.0318 264.8399 0001418 248.6339 173.3980  1.00271048 30953
SBIRS GEO-2 (USA 241)   
1 39120U 13011A   21213.92271552  .00000124  00000-0  00000-0 0  9990
2 39120   1.8713   3.6754 0002322 124.8335 175.1086  1.00273051 30681
EUTELSAT 117 WEST A     
1 39122U 13012A   21214.13730057 -.00000011  00000-0  00000+0 0  9992
2 39122   0.0212 342.5917 0002769 156.4345 104.5519  1.00273306 30614
ANIK G1                 
1 39127U 13014A   21213.68528096 -.00000072  00000-0  00000-0 0  9994
2 39127   0.0176 132.3593 0002707  15.4579 302.0733  1.00272395 30393
CHINASAT 11 (ZX 11)     
1 39157U 13020A   21213.66325376 -.00000289  00000-0  00000-0 0  9998
2 39157   0.0483 264.3156 0001274 191.6273 191.2426  1.00268094 30291
EUTELSAT 7B             
1 39163U 13022A   21213.93347987  .00000050  00000-0  00000+0 0  9993
2 39163   0.0644   5.8208 0002411  36.2305 251.7366  1.00273794 30127
WGS F5 (USA 243)        
1 39168U 13024A   21213.84069774 -.00000282  00000-0  00000+0 0  9993
2 39168   0.0160  99.1804 0000511 129.0426 332.5660  1.00271190 29971
SES-6                   
1 39172U 13026A   21213.84214182 -.00000259  00000-0  00000+0 0  9999
2 39172   0.0524 282.5954 0002542 210.8362  79.8856  1.00271489 29865
IRNSS-1A                
1 39199U 13034A   21213.71781995  .00000064  00000-0  00000-0 0  9998
2 39199  31.7225  90.3049 0018886 178.4339 355.2550  1.00274157 29513
MUOS-2                  
1 39206U 13036A   21214.17381281  .00000067  00000-0  00000+0 0  9996
2 39206   2.5464  11.5627 0056750 176.7477   8.2199  1.00273627 29454
ALPHASAT                
1 39215U 13038A   21213.85513997  .00000136  00000-0  00000-0 0  9991
2 39215   2.5975  16.6330 0002319 137.0885 129.6374  1.00272872 26162
INSAT-3D                
1 39216U 13038B   21213.94563119 -.00000154  00000-0  00000-0 0  9994
2 39216   0.0656 275.2545 0001522 238.7006 219.3099  1.00271612 29246
WGS F6 (USA 244)        
1 39222U 13041A   21213.25535311  .00000090  00000-0  00000-0 0  9990
2 39222   0.0124  76.7993 0000338 141.7846  48.1967  1.00272209 28191
ES'HAIL 1               
1 39233U 13044A   21214.07061271  .00000146  00000-0  00000+0 0  9996
2 39233   0.0506 352.4530 0001676 144.1024 225.2466  1.00273566 29054
GSAT-7                  
1 39234U 13044B   21214.08029590 -.00000075  00000-0  00000+0 0  9998
2 39234   0.0549 105.7968 0006209 144.7955 163.2049  1.00272127 29052
AMOS-4                  
1 39237U 13045A   21214.00675602  .00000009  00000-0  00000+0 0  9991
2 39237   0.0046 223.2059 0001853 248.8183 266.2480  1.00273401 29041
AEHF-3 (USA 246)        
1 39256U 13050A   21213.98105016 -.00000134  00000-0  00000+0 0  9991
2 39256   0.9990  60.3316 0026765 190.7880 195.2018  1.00923639 28832
ASTRA 2E                
1 39285U 13056A   21213.92271552  .00000152  00000-0  00000-0 0  9992
2 39285   0.0590 351.0501 0002832 131.1669 189.1451  1.00269897 28584
FM-6                    
1 39360U 13058A   21213.68353625 -.00000014  00000-0  00000-0 0  9991
2 39360   0.0458 264.0430 0000791 115.2329  61.1341  1.00269302 28200
RADUGA-1M 3             
1 39375U 13062A   21214.14432706  .00000157  00000-0  00000+0 0  9998
2 39375   1.4342  93.3953 0001044 324.8431 339.6011  1.00274144 28274
SES-8                   
1 39460U 13071A   21213.94007986 -.00000267  00000-0  00000-0 0  9992
2 39460   0.0537 258.8460 0002409 213.7667 271.5646  1.00271864 26591
INMARSAT 5-F1           
1 39476U 13073A   21213.18243987  .00000029  00000-0  00000+0 0  9994
2 39476   0.0236  78.9641 0000373 160.8648 198.4485  1.00268063 28075
TKSAT-1 (TUPAC KATARI)  
1 39481U 13075A   21213.90460275 -.00000192  00000-0  00000-0 0  9996
2 39481   0.0041 110.1134 0002312  19.3038  59.7572  1.00273110 27745
EXPRESS-AM5             
1 39487U 13077A   21213.64941023 -.00000279  00000-0  00000-0 0  9996
2 39487   0.0401 256.4088 0000896 140.5792 287.2776  1.00270916 28490
GSAT-14                 
1 39498U 14001A   21214.14354911 -.00000075  00000-0  00000+0 0  9999
2 39498   0.0139  92.4746 0002975 135.8898 208.2513  1.00272422 27735
THAICOM 6               
1 39500U 14002A   21214.15296341 -.00000119  00000-0  00000+0 0  9996
2 39500   0.0448 128.9873 0004938  11.1952 304.3236  1.00273854 27679
TDRS 12                 
1 39504U 14004A   21213.86646453 -.00000263  00000-0  00000-0 0  9993
2 39504   4.1712 342.4005 0003819 154.6423  84.6749  1.00274819 26426
ABS-2                   
1 39508U 14006A   21213.94563119 -.00000084  00000-0  00000-0 0  9996
2 39508   0.0318 313.2083 0003134 151.8539 261.0141  1.00272531 27434
ATHENA-FIDUS            
1 39509U 14006B   21213.91514449  .00000156  00000-0  00000-0 0  9995
2 39509   0.0198  93.5684 0000691  29.2335 195.1645  1.00272265 27220
TURKSAT 4A              
1 39522U 14007A   21214.08521685  .00000149  00000-0  00000+0 0  9991
2 39522   0.0565 262.4055 0002411 302.9558 178.1877  1.00272897 27366
EXPRESS-AT1             
1 39612U 14010A   21213.65526675  .00000080  00000-0  00000-0 0  9996
2 39612   0.0371 253.4617 0000551 342.4197   6.4842  1.00273272 27190
EXPRESS-AT2             
1 39613U 14010B   21213.64941023 -.00000280  00000-0  00000-0 0  9997
2 39613   0.0506 260.6193 0000490  31.6361  31.8213  1.00270302 27029
AMAZONAS 4A             
1 39616U 14011A   21213.83551190 -.00000251  00000-0  00000-0 0  9992
2 39616   0.1165  83.9354 0003449  65.6393  27.8927  1.00272895 26843
ASTRA 5B                
1 39617U 14011B   21213.92219472  .00000157  00000-0  00000-0 0  9991
2 39617   0.0371  57.0474 0003815  80.4994 176.6456  1.00273585 26810
IRNSS-1B                
1 39635U 14017A   21213.71781995  .00000116  00000-0  00000-0 0  9993
2 39635  28.9781 270.4181 0022542 188.1395 165.4694  1.00274014 26930
LUCH 5V                 
1 39727U 14023A   21213.94007986 -.00000267  00000-0  00000-0 0  9996
2 39727   0.7822  62.3619 0004225  64.7042 256.8343  1.00273621 26508
KAZSAT-3                
1 39728U 14023B   21213.95118826  .00000063  00000-0  00000-0 0  9997
2 39728   0.0380 243.2517 0000510 316.6225 151.7914  1.00273258 24593
EUTELSAT 3B             
1 39773U 14030A   21213.93382708  .00000022  00000-0  00000-0 0  9990
2 39773   0.0609   6.3713 0004843 149.6778 133.9561  1.00271352 26217
USA 254                 
1 40100U 14043B   21211.44466618 -.00000010  00000-0  00000+0 0  9994
2 40100   0.1115 100.1489 0003261 357.5721 185.4431  1.00156151   871
ASIASAT 8 (AMOS-7)      
1 40107U 14046A   21213.93382708 -.00000031  00000-0  00000-0 0  9991
2 40107   0.0576 260.8880 0002244 206.6739 175.4516  1.00272220 84309
ASIASAT 6               
1 40141U 14052A   21214.01766052 -.00000360  00000-0  00000+0 0  9998
2 40141   0.0407 263.4481 0000621 217.3970 316.2446  1.00271185 25311
OPTUS 10                
1 40146U 14054A   21213.85118848 -.00000145  00000-0  00000-0 0  9992
2 40146   0.0370 150.4181 0004047 355.2349 267.4445  1.00271710 25168
MEASAT-3B               
1 40147U 14054B   21213.86848708 -.00000240  00000-0  00000-0 0  9995
2 40147   0.0407 325.7614 0001309 188.7590 200.3294  1.00272290 25053
LUCH (OLYMP)            
1 40258U 14058A   21213.95118826  .00000074  00000-0  00000-0 0  9997
2 40258   0.0641 248.6516 0001281 226.4055 235.0436  1.00271617 23148
HIMAWARI-8              
1 40267U 14060A   21213.87341153 -.00000273  00000-0  00000-0 0  9994
2 40267   0.0423 263.7762 0000832 259.0569 242.9143  1.00273892 24904
IRNSS-1C                
1 40269U 14061A   21213.94563119 -.00000160  00000-0  00000-0 0  9998
2 40269   2.3584 145.4366 0021614  16.1552 212.5715  1.00273205 24838
INTELSAT 30 (IS-30)     
1 40271U 14062A   21212.61104098 -.00000151  00000-0  00000-0 0  9992
2 40271   0.0114  58.5921 0001707  12.5968   3.1599  1.00273108 24722
ARSAT 1                 
1 40272U 14062B   21214.12304149 -.00000257  00000-0  00000+0 0  9996
2 40272   0.0469 270.5044 0001466 232.3196 140.5866  1.00272481 25036
EXPRESS-AM6             
1 40277U 14064A   21213.27479922  .00000099  00000-0  00000-0 0  9994
2 40277   0.0417 253.6896 0000824 314.5122 253.8164  1.00274100 24814
GSAT-16                 
1 40332U 14078A   21213.95118826  .00000087  00000-0  00000-0 0  9996
2 40332   0.0871 274.0258 0006987 180.0112 254.2265  1.00272950 24256
DIRECTV 14              
1 40333U 14078B   21213.39975376 -.00000124  00000-0  00000-0 0  9999
2 40333   0.0274 113.2621 0000296 276.8875 324.7420  1.00275066 24199
YAMAL 401               
1 40345U 14082A   21212.23527514 -.00000229  00000-0  00000+0 0  9991
2 40345   0.0243  58.8171 0000406 229.8577 194.9855  1.00268743 24544
ASTRA 2G                
1 40364U 14089A   21213.37688299  .00000151  00000-0  00000-0 0  9997
2 40364   0.0266   4.3301 0003665  80.0678  29.6384  1.00274122 24112
FENGYUN 2G              
1 40367U 14090A   21213.72654355 -.00000302  00000-0  00000-0 0  9996
2 40367   1.1398  92.2300 0001355 282.2264 297.3030  1.00277231 24182
MUOS-3                  
1 40374U 15002A   21213.84720150 -.00000127  00000-0  00000-0 0  9993
2 40374   2.5624   0.3636 0057919 176.2380  63.5296  1.00270925 23737
INMARSAT 5-F2           
1 40384U 15005A   21213.40856459 -.00000284  00000-0  00000+0 0  9994
2 40384   0.0244  79.1693 0000477 195.8497 127.2999  1.00270109 23821
ABS-3A                  
1 40424U 15010A   21213.93382708 -.00000025  00000-0  00000-0 0  9998
2 40424   0.0137  68.6029 0002476 339.6807 235.6190  1.00270987 23558
EUTELSAT 115 WEST B     
1 40425U 15010B   21213.45396609 -.00000023  00000-0  00000-0 0  9999
2 40425   0.0073 212.9422 0000137 206.1084 299.7370  1.00269269 23547
EXPRESS-AM7             
1 40505U 15012A   21213.37132602  .00000151  00000-0  00000-0 0  9993
2 40505   0.0168  75.1636 0003237  53.1974 355.5430  1.00276140 23509
IRNSS-1D                
1 40547U 15018A   21213.58938309 -.00000266  00000-0  00000-0 0  9994
2 40547  29.2299 270.4798 0021006 189.1747 174.7883  1.00274421 23147
BEIDOU 17               
1 40549U 15019A   21213.21224120 -.00000179  00000-0  00000-0 0  9999
2 40549  52.4230 316.4745 0039793 188.5772 334.9452  1.00256300 23225
THOR 7                  
1 40613U 15022A   21214.02688321 -.00000006  00000-0  00000+0 0  9990
2 40613   0.0148 137.5277 0002423 359.2077 183.1080  1.00272635 22972
TURKMENALEM52E/MONACOSAT
1 40617U 15023A   21214.07271591  .00000106  00000-0  00000+0 0  9997
2 40617   0.0149  89.3607 0002528  50.8283 248.8751  1.00270674 22983
DIRECTV 15              
1 40663U 15026A   21213.68589161 -.00000101  00000-0  00000+0 0  9998
2 40663   0.0152  93.6880 0000443 230.7899 130.0865  1.00274267 22682
SKY MEXICO-1            
1 40664U 15026B   21213.83455230 -.00000232  00000-0  00000-0 0  9991
2 40664   0.0158  53.3925 0001937  88.9342  29.9869  1.00271599 22626
METEOSAT-11 (MSG-4)     
1 40732U 15034A   21213.85016752 -.00000003  00000-0  00000-0 0  9996
2 40732   0.1998 130.8850 0000521 355.2221 130.2722  1.00274134 22179
STAR ONE C4             
1 40733U 15034B   21214.05159528 -.00000263  00000-0  00000+0 0  9996
2 40733   0.0261 350.9423 0002087 125.4714 143.0121  1.00271094 22162
WGS F7 (USA 263)        
1 40746U 15036A   21213.82388227  .00000020  00000-0  00000+0 0  9996
2 40746   0.0149  84.2421 0000329  73.1380 264.8461  1.00271902 22023
INTELSAT 34 (IS-34)     
1 40874U 15039A   21213.16299397 -.00000284  00000-0  00000-0 0  9991
2 40874   0.0425 267.8329 0000656 103.0680 302.2684  1.00270527 21774
EUTELSAT 8 WEST B       
1 40875U 15039B   21214.13569069 -.00000063  00000-0  00000+0 0  9990
2 40875   0.0668 351.9850 0005128 111.8681 247.9341  1.00271249 21839
GSAT-6                  
1 40880U 15041A   21214.09168312 -.00000158  00000-0  00000+0 0  9995
2 40880   0.1227 277.8851 0004480 228.8048 279.7613  1.00273479 21775
INMARSAT 5-F3           
1 40882U 15042A   21213.81422633  .00000052  00000-0  00000-0 0  9999
2 40882   0.0242  80.0069 0000282 217.7654 125.5625  1.00269874 21713
MUOS-4                  
1 40887U 15044A   21214.15244000 -.00000088  00000-0  00000+0 0  9993
2 40887   2.6278 355.6946 0051483   1.8020  83.3742  1.00272395 21700
TJS-1                   
1 40892U 15046A   21213.88655389 -.00000155  00000-0  00000+0 0  9991
2 40892   0.0389 127.6172 0002053 303.4107 353.7841  1.00269732 21700
EXPRESS-AM8             
1 40895U 15048A   21214.20635179 -.00000109  00000-0  00000+0 0  9997
2 40895   0.0409 256.6807 0000085 196.0735 278.5408  1.00272426 21538
BEIDOU 20               
1 40938U 15053A   21214.17074794 -.00000119  00000-0  00000+0 0  9998
2 40938  51.9915 279.5397 0048517 193.9160 355.5604  1.00273392 21493
SKY MUSTER 1 (NBN1A)    
1 40940U 15054A   21213.87341153 -.00000277  00000-0  00000-0 0  9990
2 40940   0.0072  69.8495 0001626  61.4322 274.0879  1.00270135 21405
ARSAT 2                 
1 40941U 15054B   21214.04941437 -.00000222  00000-0  00000+0 0  9991
2 40941   0.0449 270.2500 0001677 214.6223 122.7642  1.00272500 21468
MORELOS 3               
1 40946U 15056A   21213.39696222 -.00000037  00000-0  00000-0 0  9999
2 40946   4.1833 331.0234 0003546 182.2256 186.7636  1.00272049 21436
APSTAR 9                
1 40982U 15059A   21213.27132892 -.00000265  00000-0  00000-0 0  9990
2 40982   0.0233 163.0636 0002268 319.4584  67.2331  1.00271012 21290
TURKSAT 4B              
1 40984U 15060A   21213.91716135  .00000117  00000-0  00000-0 0  9998
2 40984   0.0172  72.6977 0001928  73.2408 184.9332  1.00273734 21256
CHINASAT 2C (ZX 2C)     
1 41021U 15063A   21213.73869058 -.00000322  00000-0  00000-0 0  9996
2 41021   0.0438 255.3359 0001714 203.2445 221.3338  1.00271259 21158
GSAT-15                 
1 41028U 15065A   21213.94007986 -.00000256  00000-0  00000-0 0  9998
2 41028   0.1188 277.7280 0002942 179.1943 285.7451  1.00270897 20951
BADR-7 (ARABSAT-6B)     
1 41029U 15065B   21214.07069994  .00000147  00000-0  00000+0 0  9998
2 41029   0.0575 255.7031 0005441 316.0777 150.5375  1.00275869 21066
LAOSAT 1                
1 41034U 15067A   21213.99216171 -.00000341  00000-0  00000+0 0  9994
2 41034   0.0232 188.5618 0000983 304.5060 303.3895  1.00269248 20999
TELSTAR 12V             
1 41036U 15068A   21213.84720150 -.00000117  00000-0  00000+0 0  9999
2 41036   0.0202  73.9435 0001804  79.1165  87.5859  1.00269458 20877
CHINASAT 1C (ZX 1C)     
1 41103U 15073A   21213.72287964 -.00000151  00000-0  00000-0 0  9997
2 41103   2.6033  88.5131 0002339  17.8046 185.8436  1.00272418 20804
ELEKTRO-L 2             
1 41105U 15074A   21213.91908391 -.00000116  00000-0  00000-0 0  9996
2 41105   2.1917  91.9775 0002724  56.1336 118.9240  1.00270077 20663
COSMOS 2513             
1 41121U 15075A   21214.15331236 -.00000136  00000-0  00000+0 0  9991
2 41121   0.0514 115.0458 0002361  31.2511 300.0940  1.00273419 20757
EXPRESS-AMU1            
1 41191U 15082A   21214.06715896  .00000158  00000-0  00000+0 0  9997
2 41191   0.0144  94.3342 0002792  49.9091 226.8796  1.00273391 20664
GAOFEN 4                
1 41194U 15083A   21213.87127862 -.00000332  00000-0  00000-0 0  9995
2 41194   0.0377 249.6220 0001869 302.3120 178.1039  1.00268822 20648
BELINTERSAT-1           
1 41238U 16001A   21214.07271591  .00000109  00000-0  00000+0 0  9997
2 41238   0.0158 272.5604 0001505 196.3976 279.5822  1.00272572 20409
IRNSS-1E                
1 41241U 16003A   21213.58938309 -.00000316  00000-0  00000-0 0  9997
2 41241  29.2696  89.6436 0019320 176.3881   8.3132  1.00275294 20226
EUTELSAT 9B             
1 41310U 16005A   21213.92826992  .00000064  00000-0  00000-0 0  9997
2 41310   0.0493  74.0499 0002693 162.6432  57.1958  1.00271319 20263
SES-9                   
1 41380U 16013A   21213.93452278 -.00000343  00000-0  00000-0 0  9997
2 41380   0.0508 268.6669 0001790 199.8690 286.9316  1.00270750 19583
EUTELSAT 65 WEST A      
1 41382U 16014A   21213.83725661 -.00000274  00000-0  00000-0 0  9991
2 41382   0.0485  30.5137 0001758  99.9578  56.3820  1.00270860 19697
IRNSS-1F                
1 41384U 16015A   21213.85671022  .00000162  00000-0  00000+0 0  9991
2 41384   1.9529 183.7366 0018470 191.2144 276.6758  1.00279431 19822
BEIDOU IGSO-6           
1 41434U 16021A   21214.02043850 -.00000142  00000-0  00000+0 0  9995
2 41434  57.6221  56.1631 0038469 211.1383 145.5601  1.00260337 19624
IRNSS-1G                
1 41469U 16027A   21213.89205771 -.00000333  00000-0  00000-0 0  9998
2 41469   1.9266 187.3294 0005025 280.2587 293.6846  1.00277531 19327
JCSAT-2B                
1 41471U 16028A   21213.85674277 -.00000163  00000-0  00000+0 0  9999
2 41471   0.0187  83.1931 0001921  52.7964 277.1036  1.00271313 19235
THAICOM 8               
1 41552U 16031A   21214.08116826 -.00000119  00000-0  00000+0 0  9991
2 41552   0.0810  79.9031 0003265  12.3673 326.3966  1.00271775 18931
INTELSAT 31 (IS-31)     
1 41581U 16035A   21212.43206571 -.00000152  00000-0  00000-0 0  9999
2 41581   0.0291 218.1208 0001457   7.8609 143.7582  1.00273417 18736
BEIDOU-2 G7             
1 41586U 16037A   21214.15562411 -.00000353  00000-0  00000+0 0  9997
2 41586   1.7945  68.1442 0008347  19.3721  29.9814  1.00270929 18936
ABS-2A (MONGOLSAT-1)    
1 41588U 16038A   21213.86508487 -.00000082  00000-0  00000-0 0  9990
2 41588   0.0100  84.5179 0001833 316.1287 296.1509  1.00271664 18857
EUTELSAT 117 WEST B     
1 41589U 16038B   21213.45396609 -.00000009  00000-0  00000-0 0  9996
2 41589   0.0063 190.5613 0000439 226.1370 300.0014  1.00267820 18812
BRISAT                  
1 41591U 16039A   21214.16735735 -.00000194  00000-0  00000+0 0  9990
2 41591   0.0099  65.9822 0001992  69.9256  25.8189  1.00271649 18798
ECHOSTAR 18             
1 41592U 16039B   21213.40734330 -.00000280  00000-0  00000-0 0  9994
2 41592   0.0185  87.3599 0001442  54.2829 253.8541  1.00271021 18774
MUOS-5                  
1 41622U 16041A   21214.07020184 -.00000137  00000-0  00000+0 0  9990
2 41622   6.3470 303.5548 0203350 227.0885  60.5092  1.00272819 19215
TIANTONG-1 1            
1 41725U 16048A   21214.08579177 -.00000312  00000-0  00000+0 0  9998
2 41725   2.4951 345.1891 0002627 131.3368 326.6167  1.00268816 18412
JCSAT-16                
1 41729U 16050A   21213.87341153 -.00000295  00000-0  00000+0 0  9992
2 41729   0.0751  92.9304 0000223 109.4592 196.9472  1.00414417 18214
USA 271                 
1 41745U 16052B   21211.43428510 -.00000364  00000-0  00000+0 0  9992
2 41745   1.0455  95.9289 0000469 124.7096   6.5498  1.00082083   866
INTELSAT 36 (IS-36)     
1 41747U 16053A   21213.86173022 -.00000022  00000-0  00000-0 0  9991
2 41747   0.0085  26.9918 0002845 346.1571 316.2286  1.00271893 18119
INTELSAT 33E (IS-33E)   
1 41748U 16053B   21214.14929951  .00000052  00000-0  00000+0 0  9995
2 41748   0.0206   6.3642 0001720 135.8303 282.4836  1.00272041 18377
INSAT-3DR               
1 41752U 16054A   21214.08029590 -.00000075  00000-0  00000+0 0  9990
2 41752   0.1085  99.2921 0010019 165.1441 149.3439  1.00271851 17950
GSAT-18                 
1 41793U 16060A   21214.08029590 -.00000075  00000-0  00000+0 0  9992
2 41793   0.0818  98.4253 0002339 333.5552 341.7937  1.00272237 17687
SKY MUSTER 2 (NBN1B)    
1 41794U 16060B   21213.98105016 -.00000242  00000-0  00000+0 0  9995
2 41794   0.0029 259.0112 0001382 229.8200 319.9249  1.00270859 17721
HIMAWARI-9              
1 41836U 16064A   21213.87341153 -.00000273  00000-0  00000-0 0  9993
2 41836   0.0140  77.4886 0000301  77.2341 251.1263  1.00270586 17330
SHIJIAN-17 (SJ-17)      
1 41838U 16065A   21213.91646792 -.00000362  00000-0  00000-0 0  9997
2 41838   1.2315  92.7103 0003312  29.3389 276.1046  1.00275415 17350
GOES 16                 
1 41866U 16071A   21213.40455174 -.00000247  00000-0  00000-0 0  9993
2 41866   0.1080 101.4670 0001405  70.2261 208.9412  1.00270721 17254
TIANLIAN 1-04           
1 41869U 16072A   21213.81361567  .00000034  00000-0  00000+0 0  9996
2 41869   0.1900 263.9822 0025383 205.3379 311.0343  1.00274237 17450
WGS F8 (USA 272)        
1 41879U 16075A   21214.16718288 -.00000200  00000-0  00000+0 0  9991
2 41879   0.0160  60.1992 0000276  42.7928  57.9782  1.00270485 17072
FENGYUN 4A              
1 41882U 16077A   21213.94281209 -.00000327  00000-0  00000-0 0  9991
2 41882   0.0815  83.4395 0002194  52.1346 259.1545  1.00265360 17134
ECHOSTAR 19             
1 41893U 16079A   21213.83088840 -.00000136  00000-0  00000-0 0  9997
2 41893   0.0130  95.5449 0001241  45.4913  11.6256  1.00271126 16852
JCSAT-15                
1 41903U 16082A   21213.93452278 -.00000349  00000-0  00000-0 0  9990
2 41903   0.0174  86.7848 0001311  54.9973 255.4543  1.00271479 16900
STAR ONE D1             
1 41904U 16082B   21214.05084675 -.00000209  00000-0  00000+0 0  9991
2 41904   0.0120  45.0256 0002516  92.8319 107.3052  1.00272767 16930
TJS-2                   
1 41911U 17001A   21214.08838308 -.00000003  00000-0  00000+0 0  9996
2 41911   0.4354 282.8928 0005593 254.7342 231.5566  1.00270689 16875
SBIRS GEO-4 (USA 273)   
1 41937U 17004A   21214.10550708  .00000136  00000-0  00000+0 0  9991
2 41937   2.9667 313.9906 0002245 185.2546  50.2431  1.00273138 16749
HISPASAT 36W-1          
1 41942U 17006A   21213.84301418 -.00000242  00000-0  00000-0 0  9991
2 41942   0.0148 315.7777 0000977 175.9206  86.4419  1.00273573 16383
TELKOM 3S               
1 41944U 17007A   21213.88691288 -.00000361  00000-0  00000-0 0  9997
2 41944   0.0225  95.6580 0002214  37.5522 254.7790  1.00272128 16283
INTELSAT 32E (IS-32E)   
1 41945U 17007B   21213.69801741 -.00000267  00000-0  00000-0 0  9999
2 41945   0.0243  78.7739 0000810 271.1826 168.6747  1.00270052 16385
ECHOSTAR 23             
1 42070U 17014A   21213.42362273 -.00000269  00000-0  00000-0 0  9992
2 42070   0.0185  80.5005 0001791  59.1712 255.1622  1.00269385 16071
WGS F9 (USA 275)        
1 42075U 17016A   21213.85094969 -.00000094  00000-0  00000+0 0  9995
2 42075   0.0357  92.8536 0000319 109.0885  43.0725  1.00271906 16073
SES-10                  
1 42432U 17017A   21213.40620922 -.00000271  00000-0  00000-0 0  9996
2 42432   0.0173  39.6005 0002681  90.8373 259.1209  1.00273479 15881
CHINASAT 16 (SJ-13)     
1 42662U 17018A   21214.01582856 -.00000350  00000-0  00000+0 0  9990
2 42662   0.0174  56.5507 0005601 163.0088 207.4778  1.00274509 15896
KOREASAT 7              
1 42691U 17023A   21214.09979948 -.00000359  00000-0  00000+0 0  9997
2 42691   0.0119  15.4886 0000731 106.5953 340.6423  1.00273908 15599
SGDC                    
1 42692U 17023B   21213.34640610 -.00000248  00000-0  00000-0 0  9994
2 42692   0.0130  67.5594 0002117  65.3252 227.1238  1.00273230 15558
GSAT-9                  
1 42695U 17024A   21213.94007986 -.00000284  00000-0  00000-0 0  9997
2 42695   0.0914 280.5260 0002425 209.3932 256.5415  1.00272188 15458
INMARSAT 5-F4           
1 42698U 17025A   21213.81368821  .00000077  00000-0  00000+0 0  9993
2 42698   0.0185  78.7622 0000234 164.5973  56.6669  1.00273088 15408
SES-15                  
1 42709U 17026A   21213.68091916  .00000062  00000-0  00000-0 0  9995
2 42709   0.0178   0.2795 0000500 157.6382 268.5605  1.00270116 16298
QZS-2 (MICHIBIKI-2)     
1 42738U 17028A   21213.49323731 -.00000152  00000-0  00000+0 0  9991
2 42738  42.3053 268.6830 0755762 269.5804  90.5563  1.00275171 15280
VIASAT-2                
1 42740U 17029A   21213.40559858 -.00000264  00000-0  00000-0 0  9992
2 42740   0.0204 300.7164 0000221 308.0814 137.5312  1.00271994 15321
EUTELSAT 172B           
1 42741U 17029B   21213.88453851 -.00000004  00000-0  00000-0 0  9993
2 42741   0.0315 211.0582 0000114  55.9322 174.1317  1.00271996 15869
GSAT-19                 
1 42747U 17031A   21213.91716135  .00000127  00000-0  00000-0 0  9998
2 42747   0.0501 266.1482 0007105 189.7057 232.9091  1.00272295 15281
ECHOSTAR 21             
1 42749U 17032A   21214.04735747  .00000074  00000-0  00000+0 0  9996
2 42749   4.6559 311.2325 0001969 174.6326 212.3026  1.00274074 15274
CHINASAT 9A (ZX 9A)     
1 42763U 17035A   21214.17119573 -.00000121  00000-0  00000+0 0  9996
2 42763   0.4184  97.2477 0005112 327.5994 117.4306  0.99793676 15795
BULGARIASAT-1           
1 42801U 17038A   21213.93382708  .00000013  00000-0  00000-0 0  9997
2 42801   0.0243  84.2138 0002584  42.8583 161.7412  1.00270727 14970
HELLAS-SAT 3            
1 42814U 17040A   21213.91544544  .00000154  00000-0  00000-0 0  9996
2 42814   0.0601  26.5497 0002962  46.2199 246.4995  1.00271061 14968
GSAT-17                 
1 42815U 17040B   21214.14910345 -.00000255  00000-0  00000+0 0  9991
2 42815   0.0965 100.2658 0002558 141.1255 216.7407  1.00271906 15024
INTELSAT 35E (IS-35E)   
1 42818U 17041A   21213.84336313 -.00000236  00000-0  00000+0 0  9997
2 42818   0.0389 250.7008 0001281 255.1664  73.9066  1.00272645 14955
COSMOS 2520             
1 42907U 17046A   21213.36577162  .00000137  00000-0  00000-0 0  9997
2 42907   0.0471 111.9081 0000573  17.5851 357.4043  1.00275660 14535
TDRS 13                 
1 42915U 17047A   21213.80104439 -.00000093  00000-0  00000-0 0  9991
2 42915   4.9461 331.2578 0018044 115.2899 140.9195  1.00272612 14496
QZS-3 (MICHIBIKI-3)     
1 42917U 17048A   21213.87555319 -.00000346  00000-0  00000-0 0  9999
2 42917   0.0612 219.8388 0001150 327.5936 205.5039  1.00272649 14409
AMAZONAS 5              
1 42934U 17053A   21213.35695655 -.00000281  00000-0  00000-0 0  9993
2 42934   0.0340 318.6203 0001507 158.7208 260.3248  1.00271921 14225
ASIASAT 9               
1 42942U 17057A   21213.94630153 -.00000358  00000-0  00000-0 0  9998
2 42942   0.0191  70.1502 0002508  57.5277 285.8361  1.00269901 14092
INTELSAT 37E (IS-37E)   
1 42950U 17059A   21214.06197635 -.00000138  00000-0  00000+0 0  9991
2 42950   0.0044 256.7710 0002847 257.2468 161.1525  1.00271000 14190
BSAT-4A                 
1 42951U 17059B   21214.09979948 -.00000348  00000-0  00000+0 0  9993
2 42951   0.0607  61.3496 0002477  29.4977   5.8186  1.00273226 14100
QZS-4 (MICHIBIKI-4)     
1 42965U 17062A   21213.73605227 -.00000342  00000-0  00000-0 0  9993
2 42965  40.8223   6.2409 0746200 268.6749  78.1001  1.00294282 13952
SES-11 (ECHOSTAR 105)   
1 42967U 17063A   21214.06177714 -.00000087  00000-0  00000+0 0  9993
2 42967   0.0178  83.7025 0002060  29.3541 115.0907  1.00272158 13950
KOREASAT 5A             
1 42984U 17067A   21213.87276163 -.00000356  00000-0  00000-0 0  9992
2 42984   0.0349  99.8064 0001082  15.0864 263.1273  1.00272639 13688
ALCOMSAT 1              
1 43039U 17078A   21213.84528233 -.00000184  00000-0  00000+0 0  9999
2 43039   0.0707 251.6414 0002256 243.7711  94.7583  1.00269570 13424
SBIRS GEO-3 (USA 282)   
1 43162U 18009A   21213.82923391 -.00000284  00000-0  00000+0 0  9994
2 43162   4.1598 317.3555 0002281 183.1067 247.6932  1.00271721 12987
AL YAH 3                
1 43174U 18012A   21214.06154017 -.00000153  00000-0  00000+0 0  9994
2 43174   0.0331 257.7714 0001877 241.3923 173.7544  1.00270901 12989
SES-14                  
1 43175U 18012B   21213.69723229 -.00000276  00000-0  00000-0 0  9997
2 43175   0.0164  60.7479 0000868  89.9686   3.2845  1.00272804 13217
GOES 17                 
1 43226U 18022A   21213.75105686  .00000100  00000-0  00000-0 0  9998
2 43226   0.0620 260.0245 0000478 281.8321 261.8711  1.00272388 12550
HISPASAT 30W-6          
1 43228U 18023A   21213.84423549 -.00000214  00000-0  00000+0 0  9998
2 43228   0.0364  51.2353 0004508  55.2977 118.0536  1.00272479 12644
SUPERBIRD 8             
1 43271U 18033A   21213.85066767 -.00000090  00000-0  00000+0 0  9995
2 43271   0.0160 111.8919 0000853   9.4332 297.5605  1.00271834 12196
HYLAS 4                 
1 43272U 18033B   21213.84353759 -.00000231  00000-0  00000-0 0  9993
2 43272   0.0514 131.9234 0004432  33.0367  55.8689  1.00272433 12239
IRNSS-1I                
1 43286U 18035A   21213.77757069  .00000075  00000-0  00000-0 0  9999
2 43286  29.1774 102.5933 0018076 178.9362   4.1227  1.00269198 12225
USA 283                 
1 43339U 18036A   21213.44633775 -.00000316  00000-0  00000+0 0  9998
2 43339   0.0182  79.5612 0000587 129.2903  36.1890  1.00270809   881
COSMOS 2526             
1 43432U 18037A   21213.87572766 -.00000343  00000-0  00000-0 0  9993
2 43432   0.0256 106.2110 0000666  71.7982 215.9923  1.00272452 12113
APSTAR 6C               
1 43450U 18041A   21213.94874413 -.00000316  00000-0  00000+0 0  9999
2 43450   0.0401 254.8847 0001878 257.2024 274.2059  1.00269721 11994
BANGABANDHUSAT-1        
1 43463U 18044A   21214.05188233 -.00000360  00000-0  00000+0 0  9996
2 43463   0.0215  94.4835 0002076  57.6780 296.4820  1.00268864 11885
SES-12                  
1 43488U 18049A   21213.94007986 -.00000267  00000-0  00000-0 0  9997
2 43488   0.0167  60.9070 0001238 175.3564 147.8998  1.00271102 11574
FENGYUN 2H              
1 43491U 18050A   21213.94563119 -.00000127  00000-0  00000-0 0  9993
2 43491   0.3529 109.9383 0004319  32.9878 227.5458  1.00272589 11581
BEIDOU IGSO-7           
1 43539U 18057A   21214.07981580 -.00000088  00000-0  00000+0 0  9999
2 43539  55.0640 178.5444 0039019 223.7993  48.8776  1.00254832 11306
TELSTAR 19V             
1 43562U 18059A   21214.09563395 -.00000277  00000-0  00000+0 0  9999
2 43562   0.0120 122.3645 0003192  28.2740 131.6800  1.00270852 11316
TELKOM 4 (MERAH PUTIH)  
1 43587U 18064A   21214.09979948 -.00000342  00000-0  00000+0 0  9990
2 43587   0.0241  95.7744 0001120  50.1804 308.8630  1.00272173 11018
TELSTAR 18V (APSTAR 5C) 
1 43611U 18069A   21213.87341153 -.00000292  00000-0  00000-0 0  9994
2 43611   0.0173  80.1973 0001980  56.4714 266.4330  1.00271126 10770
AZERSPACE 2 (IS-38)     
1 43632U 18074A   21213.83035656  .00000138  00000-0  00000-0 0  9995
2 43632   0.0183  82.2880 0001221  54.9359 157.4544  1.00272978 10626
HORIZONS 3E             
1 43633U 18074B   21213.88392784 -.00000029  00000-0  00000-0 0  9999
2 43633   0.0097 309.2893 0000299 331.7062 156.8987  1.00270050 10485
AEHF-4 (USA 288)        
1 43651U 18079A   21213.74852701  .00000135  00000-0  00000+0 0  9995
2 43651   3.0643 312.8372 0007084 171.3804 305.7243  1.00276863 10431
BEIDOU-3 G1             
1 43683U 18085A   21214.06091255 -.00000276  00000-0  00000+0 0  9999
2 43683   0.9918 221.4346 0003609   3.7850 247.5334  1.00268116 10202
GSAT-29                 
1 43698U 18089A   21213.95118826  .00000087  00000-0  00000-0 0  9990
2 43698   0.0472 102.0693 0001830  18.3341 227.8258  1.00272316  9935
ES'HAIL 2               
1 43700U 18090A   21213.92271552  .00000146  00000-0  00000-0 0  9995
2 43700   0.0186  83.9695 0001782  92.6393 132.0626  1.00271724  9824
GEO-KOMPSAT-2A          
1 43823U 18100A   21213.99216171 -.00000341  00000-0  00000+0 0  9993
2 43823   0.0486 254.2161 0001149 343.1574 198.8654  1.00273106  9812
GSAT-11                 
1 43824U 18100B   21214.08029590 -.00000075  00000-0  00000+0 0  9996
2 43824   0.0310 258.1974 0007171 209.9715 305.6321  1.00272832  9781
GSAT-7A                 
1 43864U 18105A   21214.00631984  .00000029  00000-0  00000+0 0  9991
2 43864   0.1025 260.9623 0001784 214.0735 260.8236  1.00270908  9615
COSMOS 2533             
1 43867U 18107A   21213.86421251 -.00000036  00000-0  00000+0 0  9992
2 43867   0.0245 123.1575 0000045 214.3911 354.2311  1.00270070  9572
TJS-3                   
1 43874U 18110A   21213.90331971 -.00000208  00000-0  00000-0 0  9990
2 43874   0.3749  93.2523 0007218  14.9301 255.3968  1.00276527  9569
TJS-3 AKM               
1 43917U 18110C   21213.95118826  .00000059  00000-0  00000-0 0  9998
2 43917   0.1812 272.2450 0005674 265.0633 174.8443  1.00272707  9519
CHINASAT 2D (ZX 2D)     
1 43920U 19001A   21214.01966694 -.00000335  00000-0  00000+0 0  9991
2 43920   0.0283 173.9657 0001501 240.7664  33.1726  1.00270104  9508
HELLAS-SAT 4 & SGS-1    
1 44034U 19007A   21213.37132602  .00000153  00000-0  00000-0 0  9994
2 44034   0.0675 122.0402 0005857  24.3617 336.4603  1.00273312  9502
GSAT-31                 
1 44035U 19007B   21213.91716135  .00000127  00000-0  00000-0 0  9995
2 44035   0.0019 232.3434 0001641 326.7592 129.6657  1.00270713  9124
NUSANTARA SATU          
1 44048U 19009A   21213.98105016 -.00000232  00000-0  00000+0 0  9995
2 44048   0.0151  71.3072 0001891  62.2394 316.4311  1.00271942  8928
CHINASAT 6C (ZX 6C)     
1 44067U 19012A   21213.65557512 -.00000335  00000-0  00000-0 0  9991
2 44067   0.0210 229.7291 0001989  82.7446   4.0274  1.00271948  8878
WGS 10 (USA 291)        
1 44071U 19014A   21213.86229333  .00000049  00000-0  00000+0 0  9998
2 44071   0.0150  85.7864 0000509 138.8633  96.7761  1.00269855  8750
TIANLIAN 2-01           
1 44076U 19017A   21213.94563119 -.00000133  00000-0  00000-0 0  9994
2 44076   1.0183 282.6115 0034400 222.1934 226.3994  1.00272093  8765
ARABSAT-6A              
1 44186U 19021A   21213.92271552  .00000155  00000-0  00000-0 0  9999
2 44186   0.0567 321.7087 0005056 252.2785  99.3724  1.00269423  8311
BEIDOU-3 IGSO-1         
1 44204U 19023A   21213.48035588 -.00000209  00000-0  00000-0 0  9991
2 44204  56.0795  56.4239 0019330 188.2271 352.4553  1.00282013  8509
BEIDOU-2 G8             
1 44231U 19027A   21213.95066333 -.00000247  00000-0  00000-0 0  9991
2 44231   0.2579  12.3510 0006987 175.5219 249.5269  1.00267076  8229
YAMAL 601               
1 44307U 19031A   21213.91716134  .00000121  00000-0  00000-0 0  9997
2 44307   0.0247 107.3539 0002186  27.6708 194.8993  1.00274837  8078
AT&T T-16               
1 44333U 19034A   21214.04540153 -.00000114  00000-0  00000+0 0  9992
2 44333   0.0360 260.5341 0000852  40.9484 284.8607  1.00278660  7780
EUTELSAT 7C             
1 44334U 19034B   21213.93347987  .00000051  00000-0  00000-0 0  9990
2 44334   0.0251 221.8324 0002856 255.9986 175.9756  1.00273113  8258
BEIDOU-3 IGSO-2         
1 44337U 19035A   21214.15007160 -.00000088  00000-0  00000+0 0  9995
2 44337  55.0988 174.5862 0020057 194.0738 103.8124  1.00268199  7841
COSMOS 2539             
1 44457U 19048A   21213.92826992  .00000084  00000-0  00000-0 0  9994
2 44457   0.0480 112.3896 0000526 125.5193  59.0079  1.00274329  7372
EDRS-C                  
1 44475U 19049A   21213.05260448  .00000155  00000-0  00000-0 0  9996
2 44475   0.0915 270.9416 0000618 176.7066 272.3486  1.00269585  7339
INTELSAT 39 (IS-39)     
1 44476U 19049B   21213.86255502  .00000035  00000-0  00000-0 0  9998
2 44476   0.0104  56.1516 0001142 291.5666 335.4121  1.00271562  7302
AMOS-17                 
1 44479U 19050A   21213.85356972  .00000111  00000-0  00000-0 0  9990
2 44479   0.0342 261.4035 0002024 239.7434 133.7725  1.00272202  7337
AEHF-5 (USA 292)        
1 44481U 19051A   21214.09571091  .00000093  00000-0  00000+0 0  9990
2 44481   5.0954 305.7391 0004570 182.7362 271.3861  1.00270309  7411
EUTELSAT 5 WEST B       
1 44624U 19067A   21214.13630135 -.00000040  00000-0  00000+0 0  9999
2 44624   0.0734 339.5847 0006986 142.6109 232.8074  1.00269934  6597
MEV-1                   
1 44625U 19067B   21213.19702156 -.00000201  00000-0  00000-0 0  9998
2 44625   0.0573 261.8129 0000805 248.3931 203.2259  1.00271508  5114
TJS-4                   
1 44637U 19070A   21214.15401025 -.00000167  00000-0  00000+0 0  9993
2 44637   0.0719 265.4077 0001538 123.4472  61.0106  1.00274518  6709
BEIDOU-3 IGSO-3         
1 44709U 19073A   21213.91704262 -.00000177  00000-0  00000-0 0  9990
2 44709  57.7701 299.6921 0021229 201.6560 245.6636  1.00264067  6607
TIBA-1                  
1 44800U 19080A   21213.91160418  .00000158  00000-0  00000-0 0  9997
2 44800   0.0509   4.8959 0002020 140.6347 168.8428  1.00270740  6202
INMARSAT GX5            
1 44801U 19080B   21213.85243566  .00000077  00000-0  00000+0 0  9996
2 44801   0.0352   8.3140 0002622 142.1582 118.0510  1.00273768  6231
JCSAT-18 (KACIFIC 1)    
1 44868U 19091A   21213.98105016 -.00000199  00000-0  00000+0 0  9998
2 44868   0.0208 129.4802 0001154  56.6117 267.8547  1.00270734  6240
ELEKTRO-L 3             
1 44903U 19095A   21214.08073208 -.00000095  00000-0  00000+0 0  9996
2 44903   0.0438 218.0633 0001007   2.4485 195.5330  1.00272376  5864
SHIJIAN-20 (SJ-20)      
1 44910U 19097A   21213.90331971 -.00000208  00000-0  00000-0 0  9997
2 44910   0.3715  93.6015 0007154  17.6132 252.4182  1.00276540  5843
TJS-5                   
1 44978U 20002A   21213.93452278 -.00000340  00000-0  00000-0 0  9993
2 44978   0.4321 282.3044 0003372 201.2651 271.0927  1.00275159  5855
GSAT-30                 
1 45026U 20005A   21214.09168312 -.00000162  00000-0  00000+0 0  9993
2 45026   0.0390 102.2112 0005169 358.8392 325.8436  1.00271103  5684
EUTELSAT KONNECT        
1 45027U 20005B   21214.07358611  .00000052  00000-0  00000+0 0  9992
2 45027   0.0553 122.2363 0003994 118.5636 103.7680  1.00274330  6479
JCSAT-17                
1 45245U 20013A   21213.71655013 -.00000309  00000-0  00000-0 0  9996
2 45245   6.4708 344.3351 0004189 151.7947 208.3510  1.00271729  5380
GEO-KOMPSAT-2B          
1 45246U 20013B   21213.87581490 -.00000342  00000-0  00000+0 0  9997
2 45246   0.0157 110.7175 0001696   0.1123 283.4085  1.00273104  5404
BEIDOU-3 G2             
1 45344U 20017A   21213.70674378 -.00000136  00000-0  00000-0 0  9992
2 45344   2.3725 338.0282 0004423 142.8924 164.0563  1.00271264  5418
AEHF-6 (USA 298)        
1 45465U 20022B   21213.76232649 -.00000093  00000-0  00000-0 0  9991
2 45465   6.6767 305.5772 0017886 342.8899 111.6275  0.99685525  5164
BEIDOU-3 G3             
1 45807U 20040A   21213.94403339 -.00000349  00000-0  00000-0 0  9991
2 45807   2.1780 298.7513 0006593 341.7632 120.5934  1.00276120  4230
APSTAR 6D               
1 45863U 20045A   21213.43660546 -.00000317  00000-0  00000-0 0  9992
2 45863   0.0179  95.6695 0002372  31.7642 113.9926  1.00266319  4005
KOREASAT 116            
1 45920U 20048A   21214.09979948 -.00000360  00000-0  00000+0 0  9998
2 45920   0.0093  34.6491 0000822 129.4245 298.9460  1.00274230  3808
EXPRESS 103             
1 45985U 20053A   21213.94124184 -.00000278  00000-0  00000-0 0  9991
2 45985   0.0377 256.0198 0000506  71.7762  58.2888  1.00271724  3794
EXPRESS 80              
1 45986U 20053B   21213.40119047 -.00000134  00000-0  00000-0 0  9996
2 45986   0.0339 237.5825 0000553  28.8273 268.2009  1.00271024  3786
BSAT-4B                 
1 46112U 20056A   21213.93452278 -.00000348  00000-0  00000-0 0  9992
2 46112   0.0702 128.1593 0003866  13.8867 254.9496  1.00270569  3530
MEV-2                   
1 46113U 20056B   21213.41438170 -.00000009  00000-0  00000-0 0  9995
2 46113   0.0506 259.0821 0000902 241.1598 318.1667  1.00274396 62693
GALAXY 30 (G-30)        
1 46114U 20056C   21213.68170428  .00000039  00000-0  00000-0 0  9996
2 46114   0.0180  90.1291 0002110  59.1862 281.5949  1.00273942  3474
GAOFEN 13               
1 46610U 20071A   21213.87372123 -.00000359  00000-0  00000-0 0  9997
2 46610   1.2913 277.5872 0005251 269.1769 196.2016  1.00267209  3067
TIANTONG-1 2            
1 46916U 20082A   21213.73151601 -.00000348  00000-0  00000-0 0  9997
2 46916   4.8893 297.9746 0004388 208.8874 191.9224  1.00269679  2802
LUCAS (JDRS-1)          
1 47202U 20089A   21214.08361087 -.00000233  00000-0  00000+0 0  9995
2 47202   0.0320 108.1564 0002437   5.6186 317.9731  1.00273045  2554
SXM-7                   
1 47240U 20096A   21214.00605111 -.00000019  00000-0  00000+0 0  9998
2 47240   0.0247  77.5486 0002837 277.9440 202.1968  1.00263519  2481
CMS-01                  
1 47256U 20099A   21214.09168312 -.00000163  00000-0  00000+0 0  9994
2 47256   0.0717 106.6369 0004327 143.0132 177.2908  1.00272805  2340
TURKSAT 5A              
1 47306U 21001A   21214.00744042  .00000156  00000-0  00000+0 0  9996
2 47306   0.0177  85.3028 0000309 209.3105  49.7920  1.00268281  2130
TIANTONG-1 3            
1 47321U 21003A   21213.86648065 -.00000146  00000-0  00000-0 0  9997
2 47321   5.1221 309.0865 0003592 187.9719 207.0699  1.00271657  2129
TJS-6                   
1 47613U 21010A   21213.88575979  .00000045  00000-0  00000+0 0  9990
2 47613   0.6018 281.3035 0001273 292.2676 234.5114  1.00269338  1976
SBIRS GEO-5 (USA 315)   
1 48618U 21042A   21213.55640104 -.00000030  00000-0  00000-0 0  9994
2 48618   7.8826 327.5149 0002440 174.2506 247.7828  1.00560669   906
FENGYUN 4B              
1 48808U 21047A   21213.94665047 -.00000354  00000-0  00000+0 0  9994
2 48808   0.0678 136.1704 0000464  59.1897 219.8511  1.00276853   724
SXM-8                   
1 48838U 21049A   21211.60116747  .00000006  00000-0  00000+0 0  9991
2 48838   0.0395 115.5141 0002221  21.8758 266.9788  1.00273291   759
TIANLIAN 1-05           
1 49011U 21063A   21204.52157536  .00000062  00000-0  00000-0 0  9998
2 49011   2.9837 286.7627 0001083 230.4132 342.7310  1.00274565   135
