COSMOS 2425 (716)       
1 29670U 06062A   21218.45952331  .00000089  00000-0  00000+0 0  9990
2 29670  64.8221 253.7628 0023953 340.2556  16.3655  2.13115605113734
COSMOS 2433 (720)       
1 32275U 07052A   21219.00346297 -.00000046  00000-0  00000+0 0  9999
2 32275  66.0676  15.1065 0001878 182.9386  42.1145  2.13104144107264
COSMOS 2432 (719)       
1 32276U 07052B   21218.83461595 -.00000046  00000-0  00000-0 0  9990
2 32276  66.0829  15.2071 0008030 339.6219  65.0676  2.13103461107260
COSMOS 2434 (721)       
1 32393U 07065A   21218.74012240  .00000089  00000-0  00000-0 0  9999
2 32393  64.4484 252.1852 0001317 150.4355 121.1392  2.13103094105965
COSMOS 2436 (723)       
1 32395U 07065C   21218.66240600  .00000089  00000-0  00000-0 0  9995
2 32395  64.4574 252.2433 0013898 351.0698 356.9641  2.13102988105897
COSMOS 2456 (730)       
1 36111U 09070A   21219.23033350 -.00000003  00000-0  00000+0 0  9995
2 36111  64.2838 131.8404 0004658 313.8523 143.6776  2.13099361 90641
COSMOS 2457 (733)       
1 36112U 09070B   21218.69494446 -.00000009  00000-0  00000-0 0  9999
2 36112  64.2674 131.7431 0004497 174.5024 357.0847  2.13101589 90633
COSMOS 2459 (731)       
1 36400U 10007A   21218.42629787 -.00000049  00000-0  00000-0 0  9994
2 36400  65.9659  14.0431 0025073 351.9966   8.5717  2.13108561 88971
COSMOS 2461 (735)       
1 36401U 10007B   21218.42621064 -.00000049  00000-0  00000-0 0  9995
2 36401  65.9613  14.0081 0019539  14.2430 345.8449  2.13103698 88984
COSMOS 2460 (732)       
1 36402U 10007C   21219.03399103 -.00000048  00000-0  00000+0 0  9998
2 36402  65.9486  13.9435 0002586 109.2498 302.4155  2.13106691 88997
COSMOS 2464 (736)       
1 37139U 10041C   21218.52763648  .00000090  00000-0  00000-0 0  9993
2 37139  64.0485 251.4251 0026406   5.8945 323.2132  2.13100964 85039
COSMOS 2471 (701K)      
1 37372U 11009A   21218.82918425 -.00000048  00000-0  00000-0 0  9999
2 37372  65.9409  13.8771 0015069 224.8163 170.7233  2.13062190 81265
COSMOS 2476 (744)       
1 37867U 11064A   21218.66817149 -.00000009  00000-0  00000+0 0  9998
2 37867  64.5788 133.0932 0021100 239.2286  49.8109  2.13101875 75975
COSMOS 2477 (745)       
1 37868U 11064B   21217.34681545 -.00000021  00000-0  00000-0 0  9997
2 37868  64.5866 133.1985 0018516 239.9660 293.6728  2.13101798 75905
COSMOS 2475 (743)       
1 37869U 11064C   21218.81654133 -.00000007  00000-0  00000+0 0  9997
2 37869  64.5934 133.1530 0022682 259.1170 279.7928  2.13102173 75946
COSMOS 2485 (747)       
1 39155U 13019A   21218.46379420 -.00000011  00000-0  00000-0 0  9999
2 39155  64.7450 133.4594 0021594 234.7391 301.9766  2.13102033 64445
COSMOS 2492 (754)       
1 39620U 14012A   21217.75518345 -.00000050  00000-0  00000-0 0  9995
2 39620  65.8354  13.7115 0011029 331.6461  56.2052  2.13103183 57383
COSMOS 2500 (755)       
1 40001U 14032A   21218.66643480 -.00000049  00000-0  00000-0 0  9990
2 40001  65.7765  13.5658 0006598 181.1841  45.2687  2.13102442 55611
COSMOS 2501 (702K)      
1 40315U 14075A   21218.94428499  .00000087  00000-0  00000+0 0  9997
2 40315  63.7593 252.1998 0018762 212.2512  33.9239  2.13101434 52020
COSMOS 2514 (751)       
1 41330U 16008A   21219.10358802 -.00000049  00000-0  00000+0 0  9991
2 41330  65.5776  13.3206 0009652 198.4697 186.5787  2.13102864 42791
COSMOS 2516 (753)       
1 41554U 16032A   21218.60803572  .00000088  00000-0  00000-0 0  9992
2 41554  63.9846 252.3983 0015653 220.4339  40.7720  2.13107264 40383
COSMOS 2522 (752)       
1 42939U 17055A   21218.80589655  .00000088  00000-0  00000+0 0  9990
2 42939  64.2187 252.6941 0009773 244.1088  30.9727  2.13101987 30147
COSMOS 2527 (756)       
1 43508U 18053A   21218.80807213 -.00000007  00000-0  00000-0 0  9998
2 43508  64.9088 133.3823 0008156 236.5343  72.3247  2.13102508 24436
COSMOS 2529 (757)       
1 43687U 18086A   21218.87345655  .00000088  00000-0  00000+0 0  9993
2 43687  64.4318 252.9234 0011643 264.1263  18.3537  2.13102150 21456
COSMOS 2534 (758)       
1 44299U 19030A   21218.61490620  .00000089  00000-0  00000-0 0  9990
2 44299  64.5031 252.7888 0014338 282.1445 296.7974  2.13102127 17094
COSMOS 2544 (759)       
1 44850U 19088A   21218.53361127 -.00000010  00000-0  00000-0 0  9991
2 44850  64.8926 133.2502 0012614 263.9545 238.0625  2.13102261 12863
COSMOS 2545 (760)       
1 45358U 20018A   21218.49662406 -.00000051  00000-0  00000-0 0  9994
2 45358  64.9107  14.2092 0007062 236.3944  87.2013  2.13102743 10812
