ONEWEB-0012             
1 44057U 19010A   21217.82093657 -.00014572  00000-0 -34504-1 0  9992
2 44057  87.7021 251.2453 0002102 120.6350 239.4992 13.23497500117608
ONEWEB-0010             
1 44058U 19010B   21217.45322387  .00013495  00000-0  31800-1 0  9994
2 44058  87.6711 251.3142 0002608  85.5102 274.6331 13.23482140117607
ONEWEB-0008             
1 44059U 19010C   21217.43228360  .00032979  00000-0  77356-1 0  9993
2 44059  87.6849 251.3385 0002713 117.9105 242.2305 13.23688272117706
ONEWEB-0007             
1 44060U 19010D   21217.84157458  .00000062  00000-0  11671-3 0  9997
2 44060  87.9158 251.4919 0001761 116.7230 243.4085 13.22898142117768
ONEWEB-0006             
1 44061U 19010E   21217.85018107 -.00000013  00000-0 -62632-4 0  9998
2 44061  87.9163 251.5148 0001730  93.1065 267.0267 13.22609357117829
ONEWEB-0011             
1 44062U 19010F   21217.85795018 -.00000020  00000-0 -79262-4 0  9997
2 44062  87.9167 251.5338 0002242 110.0380 250.0996 13.22328183117818
ONEWEB-0013             
1 45131U 20008A   21217.82470344  .00000710  00000-0  20282-2 0  9993
2 45131  87.9137  45.3627 0002269  99.5941 260.5442 13.09304703 73603
ONEWEB-0017             
1 45132U 20008B   21217.84811807  .00000638  00000-0  17912-2 0  9994
2 45132  87.8854  29.3860 0001392  82.6311 277.4974 13.10374256 75319
ONEWEB-0020             
1 45133U 20008C   21217.89329816 -.00000619  00000-0 -18107-2 0  9992
2 45133  87.8853  29.3652 0001109 125.5239 234.5992 13.10373022 75718
ONEWEB-0021             
1 45134U 20008D   21217.75616929  .00000113  00000-0  28632-3 0  9994
2 45134  87.8761  29.2833 0001955  92.1956 267.9395 13.10377138 76003
ONEWEB-0022             
1 45135U 20008E   21217.85747740  .00000641  00000-0  18008-2 0  9993
2 45135  87.8854  29.3691 0001229  94.8547 265.2721 13.10371425 75713
ONEWEB-0023             
1 45136U 20008F   21217.84500775  .00000560  00000-0  15691-2 0  9993
2 45136  87.8773  29.3179 0002492 104.2820 255.8584 13.10378073 75446
ONEWEB-0024             
1 45137U 20008G   21217.89173897 -.00000628  00000-0 -18347-2 0  9998
2 45137  87.8801  29.3393 0002300  88.9824 271.1567 13.10374220 75618
ONEWEB-0025             
1 45138U 20008H   21217.83409720  .00000084  00000-0  20508-3 0  9997
2 45138  87.8848  29.4395 0001976  96.0998 264.0355 13.10376500 75937
ONEWEB-0026             
1 45139U 20008J   21217.66512450 -.00110722  00000-0 -31762+0 0  9997
2 45139  87.8870  14.2766 0001493  91.2875 268.8424 13.11108753 78264
ONEWEB-0028             
1 45140U 20008K   21217.82700955  .00000373  00000-0  10440-2 0  9997
2 45140  87.1971  25.2139 0002045  89.5729 270.5631 13.09345176 75849
ONEWEB-0032             
1 45141U 20008L   21217.84967839  .00000690  00000-0  19410-2 0  9994
2 45141  87.8829  29.4278 0001796  83.8017 276.3315 13.10367214 75660
ONEWEB-0033             
1 45142U 20008M   21217.89952043 -.00000480  00000-0 -14103-2 0  9994
2 45142  87.8828  29.3570 0001895  91.9316 268.2028 13.10371232 75583
ONEWEB-0035             
1 45143U 20008N   21217.85591246  .00000654  00000-0  18370-2 0  9996
2 45143  87.8853  29.3957 0001664 101.2586 258.8728 13.10373117 75305
ONEWEB-0036             
1 45144U 20008P   21217.84655489  .00000632  00000-0  17736-2 0  9997
2 45144  87.8852  29.3578 0001978 100.6181 259.5169 13.10375069 75738
ONEWEB-0038             
1 45145U 20008Q   21217.66302786  .00000540  00000-0  14891-2 0  9994
2 45145  87.8927  14.1894 0002006  97.8064 262.3292 13.11416162 77489
ONEWEB-0039             
1 45146U 20008R   21217.75149236 -.00000200  00000-0 -60799-3 0  9998
2 45146  87.8854  29.4158 0002433  83.4274 276.7130 13.10378322 75515
ONEWEB-0040             
1 45147U 20008S   21217.89640925 -.00000518  00000-0 -15207-2 0  9990
2 45147  87.8853  29.4331 0002354  79.5000 280.6393 13.10373050 75230
ONEWEB-0041             
1 45148U 20008T   21217.84959065  .00000027  00000-0  20805-4 0  9999
2 45148  87.9366  12.8479 0015723 281.8639  78.0747 13.48326554 78660
ONEWEB-0043             
1 45149U 20008U   21217.89799363 -.00000470  00000-0 -13822-2 0  9991
2 45149  87.8854  29.3835 0002370  98.9210 261.2186 13.10364718 75558
ONEWEB-0044             
1 45150U 20008V   21217.85123753  .00000670  00000-0  18825-2 0  9991
2 45150  87.8851  29.4016 0002299  89.5818 270.5573 13.10374996 75843
ONEWEB-0045             
1 45151U 20008W   21217.89846652  .00000261  00000-0  70016-3 0  9993
2 45151  87.8882  14.2465 0001714  84.4509 275.6814 13.11415763 77597
ONEWEB-0047             
1 45152U 20008X   21217.84344092  .00000605  00000-0  16965-2 0  9994
2 45152  87.8855  29.3970 0001900  93.2275 266.9069 13.10376443 75561
ONEWEB-0048             
1 45153U 20008Y   21217.83876111  .00000404  00000-0  11196-2 0  9994
2 45153  87.8857  29.3908 0002101  98.2759 261.8607 13.10376628 75175
ONEWEB-0049             
1 45154U 20008Z   21217.84033382  .00000636  00000-0  17857-2 0  9998
2 45154  87.8847  29.3882 0002111 103.3161 256.8202 13.10374239 75397
ONEWEB-0051             
1 45155U 20008AA  21217.89629732  .00000328  00000-0  88909-3 0  9999
2 45155  87.8857  14.2267 0001758  93.7180 266.4149 13.11411202 78278
ONEWEB-0052             
1 45156U 20008AB  21217.83721502  .00000296  00000-0  81186-3 0  9996
2 45156  87.8846  29.3821 0002758 114.3368 245.8047 13.10376383 75307
ONEWEB-0053             
1 45157U 20008AC  21217.89486047 -.00000560  00000-0 -16412-2 0  9990
2 45157  87.8855  29.3935 0002217  89.2686 270.8696 13.10379517 75284
ONEWEB-0054             
1 45158U 20008AD  21217.85435094  .00000711  00000-0  20003-2 0  9990
2 45158  87.8851  29.4044 0001647  82.5033 277.6281 13.10372598 75390
ONEWEB-0056             
1 45159U 20008AE  21217.83564939  .00000310  00000-0  85054-3 0  9993
2 45159  87.8855  29.4014 0001979  98.4039 261.7312 13.10376596 75540
ONEWEB-0057             
1 45160U 20008AF  21217.84188143  .00000535  00000-0  14957-2 0  9997
2 45160  87.8858  29.3718 0002227  93.9163 266.2219 13.10375638 75711
ONEWEB-0058             
1 45161U 20008AG  21217.75305736 -.00000106  00000-0 -33897-3 0  9998
2 45161  87.8861  29.4115 0002040  84.5594 275.5766 13.10377492 75771
ONEWEB-0059             
1 45162U 20008AH  21217.74992447 -.00000290  00000-0 -86620-3 0  9995
2 45162  87.8856  29.4161 0001885  85.8512 274.2830 13.10376628 75674
ONEWEB-0062             
1 45163U 20008AJ  21217.85279394  .00000690  00000-0  19396-2 0  9994
2 45163  87.8852  29.3902 0001987 100.1714 259.9638 13.10372406 75554
ONEWEB-0065             
1 45164U 20008AK  21217.75461697  .00000046  00000-0  95422-4 0  9994
2 45164  87.8771  29.3109 0001962  92.4962 267.6390 13.10373876 75233
ONEWEB-0066             
1 45424U 20020A   21217.87885849  .00000496  00000-0  13624-2 0  9990
2 45424  87.8916  14.2203 0001845  63.7953 296.3365 13.11417622 69864
ONEWEB-0067             
1 45425U 20020B   21217.82870043 -.00000007  00000-0 -54995-4 0  9994
2 45425  87.8914  14.2379 0001976  88.4811 271.6543 13.11412426 69916
ONEWEB-0080             
1 45426U 20020C   21217.85484994 -.00000458  00000-0 -13287-2 0  9991
2 45426  87.8918  14.2165 0001552 103.0610 257.0692 13.11418955 69887
ONEWEB-0090             
1 45427U 20020D   21217.87011548  .00000096  00000-0  23515-3 0  9997
2 45427  87.8925  14.2391 0001776  94.8866 265.2465 13.11418102 69855
ONEWEB-0061             
1 45428U 20020E   21217.82651675  .00000106  00000-0  26394-3 0  9994
2 45428  87.8916  14.2091 0002000  87.3728 272.7629 13.11413897 69804
ONEWEB-0081             
1 45429U 20020F   21217.88538334  .00000490  00000-0  13473-2 0  9996
2 45429  87.8928  14.1706 0002049  78.4371 281.6987 13.11408937 69926
ONEWEB-0069             
1 45430U 20020G   21217.87231251  .00000371  00000-0  10119-2 0  9997
2 45430  87.8918  14.2274 0001818  91.6038 268.5298 13.11419438 69857
ONEWEB-0031             
1 45431U 20020H   21217.84613414 -.00000527  00000-0 -15216-2 0  9998
2 45431  87.8915  14.2270 0001941  98.5260 261.6088 13.11416521 69830
ONEWEB-0027             
1 45432U 20020J   21217.86588557 -.00000025  00000-0 -98107-4 0  9995
2 45432  87.9168 359.0682 0001575  91.7944 268.3368 13.17644792 72430
ONEWEB-0064             
1 45433U 20020K   21217.84394585 -.00000505  00000-0 -14600-2 0  9997
2 45433  87.8918  14.2389 0001251  69.5548 290.5715 13.11413306 69866
ONEWEB-0018             
1 45434U 20020L   21217.87449418  .00000428  00000-0  11707-2 0  9994
2 45434  87.8917  14.2108 0001955  98.0703 262.0647 13.11419056 69817
ONEWEB-0083             
1 45435U 20020M   21217.86358470 -.00000134  00000-0 -41279-3 0  9995
2 45435  87.8918  14.2189 0001872  94.5705 265.5637 13.11419247 69852
ONEWEB-0095             
1 45436U 20020N   21217.84831385 -.00000556  00000-0 -16038-2 0  9997
2 45436  87.8915  14.2228 0001543  96.2563 263.8740 13.11417271 69851
ONEWEB-0092             
1 45437U 20020P   21217.90065696  .00000351  00000-0  95361-3 0  9997
2 45437  87.8926  14.1624 0002251 101.9095 258.2285 13.11414674 69973
ONEWEB-0085             
1 45438U 20020Q   21217.85702909 -.00000391  00000-0 -11379-2 0  9999
2 45438  87.8917  14.2372 0001884  86.5003 273.6340 13.11418113 69855
ONEWEB-0096             
1 45439U 20020R   21217.86576139 -.00000040  00000-0 -14992-3 0  9991
2 45439  87.8918  14.2229 0002063  83.4085 276.7277 13.11421055 69845
ONEWEB-0037             
1 45440U 20020S   21217.85050340  .00000013  00000-0  14905-5 0  9997
2 45440  87.8904  14.2338 0002227 109.9498 250.1870 13.11415408 69870
ONEWEB-0042             
1 45441U 20020T   21217.83306806 -.00000191  00000-0 -57397-3 0  9996
2 45441  87.8916  14.2303 0002067  95.8926 264.2438 13.11414757 69846
ONEWEB-0098             
1 45442U 20020U   21217.85267505 -.00000490  00000-0 -14195-2 0  9991
2 45442  87.8914  14.2297 0001826  83.9253 276.2083 13.11416943 69826
ONEWEB-0055             
1 45443U 20020V   21217.83742152 -.00000368  00000-0 -10734-2 0  9995
2 45443  87.8925  14.1826 0001790  91.5125 268.6208 13.11415806 69796
ONEWEB-0093             
1 45444U 20020W   21217.88975932  .00000479  00000-0  13154-2 0  9995
2 45444  87.8916  14.2239 0001817  94.1562 265.9774 13.11415805 69865
ONEWEB-0029             
1 45445U 20020X   21217.83524140 -.00000303  00000-0 -88980-3 0  9990
2 45445  87.8917  14.2134 0002221  94.1693 265.9688 13.11415613 69834
ONEWEB-0068             
1 45446U 20020Y   21217.88102495  .00000458  00000-0  12553-2 0  9992
2 45446  87.8916  14.2238 0001804  82.4414 277.6919 13.11416296 69785
ONEWEB-0046             
1 45447U 20020Z   21217.87665731  .00000386  00000-0  10519-2 0  9999
2 45447  87.8917  14.2296 0002006  99.1398 260.9957 13.11418366 69790
ONEWEB-0063             
1 45448U 20020AA  21217.83087273 -.00000095  00000-0 -30355-3 0  9995
2 45448  87.8910  14.2425 0002088 104.6900 255.4459 13.11416689 69870
ONEWEB-0019             
1 45449U 20020AB  21217.88320397  .00000489  00000-0  13453-2 0  9992
2 45449  87.8919  14.2041 0001691  96.1887 263.9434 13.11415819 69727
ONEWEB-0094             
1 45450U 20020AC  21217.86742952  .00000031  00000-0  47062-4 0  9995
2 45450  87.9146 359.0140 0001641  91.0828 269.0491 13.17653788 72387
ONEWEB-0087             
1 45451U 20020AD  21217.83961460  .00000233  00000-0  62117-3 0  9991
2 45451  87.8922  14.2394 0002120  78.1364 282.0002 13.11417173 69765
ONEWEB-0082             
1 45452U 20020AE  21217.84176778 -.00000495  00000-0 -14326-2 0  9993
2 45452  87.8914  14.1971 0001973  80.6559 279.4792 13.11414816 69853
ONEWEB-0050             
1 45453U 20020AF  21217.84397054  .00000334  00000-0  28079-4 0  9998
2 45453  87.5463 340.0940 0023367 279.5995  80.2596 14.94668736 75122
ONEWEB-0034             
1 45454U 20020AG  21217.85921629 -.00000278  00000-0 -81986-3 0  9995
2 45454  87.8916  14.2182 0001988  94.9734 265.1621 13.11417656 69770
ONEWEB-0060             
1 45455U 20020AH  21217.86794084  .00000008  00000-0 -13917-4 0  9990
2 45455  87.8919  14.2145 0001843  93.4573 266.6766 13.11413373 69732
ONEWEB-0086             
1 45456U 20020AJ  21217.88756122  .00000528  00000-0  14536-2 0  9996
2 45456  87.8915  14.2088 0001918  85.2314 274.9033 13.11416359 69792
ONEWEB-0088             
1 45457U 20020AK  21217.86139541 -.00000241  00000-0 -71604-3 0  9999
2 45457  87.8912  14.2399 0002032  95.0734 265.0625 13.11419569 69725
ONEWEB-0102             
1 47258U 20100A   21217.58162227  .00000356  00000-0  95279-3 0  9994
2 47258  87.8941 343.9278 0001631  89.1534 270.9781 13.12447637 31693
ONEWEB-0109             
1 47259U 20100B   21217.59220695  .00000056  00000-0  11957-3 0  9998
2 47259  87.8914 343.7708 0001382  94.9999 265.1287 13.12443719 31528
ONEWEB-0110             
1 47260U 20100C   21217.61341107 -.00000278  00000-0 -80748-3 0  9997
2 47260  87.8959 343.8406 0001524  89.2936 270.8367 13.12439926 31696
ONEWEB-0111             
1 47261U 20100D   21217.64517165  .00000461  00000-0  12461-2 0  9998
2 47261  87.8963 343.8604 0001796  90.2537 269.8797 13.12440911 31536
ONEWEB-0114             
1 47262U 20100E   21217.60068614 -.00000291  00000-0 -84342-3 0  9996
2 47262  87.8888 343.7474 0001510 102.0294 258.1004 13.12444198 31480
ONEWEB-0117             
1 47263U 20100F   21217.59435249 -.00000003  00000-0 -42538-4 0  9990
2 47263  87.8916 343.8500 0001652  94.3972 265.7345 13.12440573 31493
ONEWEB-0118             
1 47264U 20100G   21217.62183331 -.00000133  00000-0 -40397-3 0  9991
2 47264  87.8949 343.8556 0001587 102.3881 257.7426 13.12446946 31690
ONEWEB-0119             
1 47265U 20100H   21217.65154263  .00000432  00000-0  11660-2 0  9997
2 47265  87.8938 343.9226 0001671  93.1572 266.9748 13.12441037 31675
ONEWEB-0120             
1 47266U 20100J   21217.60491223 -.00000296  00000-0 -85818-3 0  9990
2 47266  87.9011 343.7971 0001488  99.2356 260.8941 13.12441383 31691
ONEWEB-0121             
1 47267U 20100K   21217.59009789  .00000079  00000-0  18346-3 0  9990
2 47267  87.9020 343.8506 0001829  89.2905 270.8434 13.12443641 31603
ONEWEB-0122             
1 47268U 20100L   21217.58379014  .00000266  00000-0  70484-3 0  9990
2 47268  87.8930 343.8375 0002026 101.3021 258.8336 13.12434657 31516
ONEWEB-0123             
1 47269U 20100M   21217.65363478  .00000418  00000-0  11266-2 0  9997
2 47269  87.8954 343.8791 0001724  99.0186 261.1138 13.12441175 31660
ONEWEB-0124             
1 47270U 20100N   21217.63880251  .00000396  00000-0  10661-2 0  9993
2 47270  87.8922 343.8411 0001830  95.0421 265.0916 13.12445527 31541
ONEWEB-0125             
1 47271U 20100P   21217.61761507 -.00000319  00000-0 -92246-3 0  9991
2 47271  87.8998 343.8625 0001870  98.4206 261.7135 13.12441156 31601
ONEWEB-0126             
1 47272U 20100Q   21217.64304237  .00000482  00000-0  13037-2 0  9997
2 47272  87.8953 343.9275 0001479  93.9119 266.2179 13.12445481 31673
ONEWEB-0127             
1 47273U 20100R   21217.60703881 -.00000390  00000-0 -11207-2 0  9999
2 47273  87.8930 343.8507 0001482  99.8110 260.3186 13.12444851 31691
ONEWEB-0128             
1 47274U 20100S   21217.62609666 -.00000020  00000-0 -90254-4 0  9999
2 47274  87.8951 343.8424 0001674  89.2164 270.9156 13.12448345 31717
ONEWEB-0129             
1 47275U 20100T   21217.60914317 -.00000581  00000-0 -16515-2 0  9998
2 47275  87.8964 343.7733 0000860 204.6712 155.4375 13.12442929 31646
ONEWEB-0130             
1 47276U 20100U   21217.63458364  .00000250  00000-0  65930-3 0  9994
2 47276  87.8986 343.8300 0001499  82.3123 277.8176 13.12445309 31618
ONEWEB-0131             
1 47277U 20100V   21217.63032901  .00000065  00000-0  14418-3 0  9999
2 47277  87.8985 343.7783 0001954  99.4855 260.6495 13.12444637 31650
ONEWEB-0132             
1 47278U 20100W   21217.58799308  .00000219  00000-0  57337-3 0  9993
2 47278  87.8948 343.9314 0001752 105.4383 254.6939 13.12441332 31545
ONEWEB-0133             
1 47279U 20100X   21217.60279536 -.00000354  00000-0 -10193-2 0  9993
2 47279  87.8971 343.8003 0001555  94.9101 265.2205 13.12440783 31708
ONEWEB-0134             
1 47280U 20100Y   21217.64727837  .00000488  00000-0  13218-2 0  9998
2 47280  87.8938 343.8483 0002040  92.8432 267.2930 13.12445041 31685
ONEWEB-0135             
1 47281U 20100Z   21217.69175978 -.00000395  00000-0 -11339-2 0  9998
2 47281  87.8944 343.8229 0001451  93.0813 267.0481 13.12440840 31717
ONEWEB-0136             
1 47282U 20100AA  21217.63668038  .00000306  00000-0  81577-3 0  9999
2 47282  87.8968 343.7782 0001559  83.2001 276.9305 13.12445083 31635
ONEWEB-0137             
1 47283U 20100AB  21217.59859207 -.00000149  00000-0 -44931-3 0  9995
2 47283  87.8927 343.9260 0001538 109.9124 250.2170 13.12439769 31531
ONEWEB-0138             
1 47284U 20100AC  21217.64940053  .00000385  00000-0  10355-2 0  9994
2 47284  87.8931 343.9007 0001526  94.7219 265.4084 13.12441502 31629
ONEWEB-0139             
1 47285U 20100AD  21217.69598112 -.00000332  00000-0 -95798-3 0  9994
2 47285  87.8985 343.8816 0001728  90.3869 269.7458 13.12444554 31704
ONEWEB-0140             
1 47286U 20100AE  21217.64093451  .00000440  00000-0  11882-2 0  9995
2 47286  87.8959 343.8734 0001501  85.8450 274.2850 13.12441983 31664
ONEWEB-0141             
1 47287U 20100AF  21217.63246207  .00000176  00000-0  45470-3 0  9991
2 47287  87.8935 343.8917 0001562  95.2905 264.8401 13.12446747 31647
ONEWEB-0142             
1 47288U 20100AG  21217.65576656  .00000564  00000-0  15311-2 0  9999
2 47288  87.8962 343.9463 0001778 109.1603 250.9718 13.12442916 31645
ONEWEB-0143             
1 47289U 20100AH  21217.61128766 -.00000402  00000-0 -11533-2 0  9996
2 47289  87.8983 343.8122 0001655  95.9568 264.1749 13.12440611 31614
ONEWEB-0144             
1 47290U 20100AJ  21217.58586370  .00000184  00000-0  47493-3 0  9993
2 47290  87.8910 343.7537 0001892  89.8537 270.2808 13.12444106 31534
ONEWEB-0145             
1 47291U 20100AK  21217.62822069 -.00000003  00000-0 -42353-4 0  9990
2 47291  87.8959 343.8559 0001532  92.9584 267.1719 13.12442766 31739
ONEWEB-0146             
1 47292U 20100AL  21217.62398322 -.00000121  00000-0 -37193-3 0  9997
2 47292  87.8947 343.8972 0001631  92.3008 267.8308 13.12443186 31649
ONEWEB-0147             
1 47293U 20100AM  21217.67268275 -.00000167  00000-0 -50095-3 0  9992
2 47293  87.8963 343.8665 0000957  64.1598 295.9629 13.12439279 31543
ONEWEB-0115             
1 48042U 21025A   21217.91668981 -.00043573  00000-0 -11979+0 0  9999
2 48042  87.8953 313.2011 0002519  99.0866 141.4671 13.13543311  3301
ONEWEB-0152             
1 48043U 21025B   21217.91668981 -.00044633  00000-0 -12279+0 0  9992
2 48043  87.8912 313.2180 0001916  93.0399  87.0090 13.13502321  3293
ONEWEB-0153             
1 48044U 21025C   21217.91668981  .00000013  00000-0  00000-0 0  9995
2 48044  87.9068 313.3176 0001653  97.6059 165.8722 13.13467717  3290
ONEWEB-0154             
1 48045U 21025D   21217.91668981 -.00042638  00000-0 -11730+0 0  9998
2 48045  87.8910 313.2566 0001783 114.7008 185.3436 13.13490406  3310
ONEWEB-0116             
1 48046U 21025E   21217.91668981 -.00043567  00000-0 -11879+0 0  9995
2 48046  87.8902 313.1736 0002107 106.4191   4.6764 13.14107561  3306
ONEWEB-0150             
1 48047U 21025F   21217.91668981 -.00043826  00000-0 -12060+0 0  9997
2 48047  87.8912 313.3039 0002193 117.6503 112.6017 13.13480263  3282
ONEWEB-0107             
1 48048U 21025G   21217.91668981 -.00044080  00000-0 -12029+0 0  9996
2 48048  87.8935 313.2066 0001737 112.3642 104.7212 13.14053696  3293
ONEWEB-0101             
1 48049U 21025H   21217.91668981 -.00042928  00000-0 -11806+0 0  9998
2 48049  87.8930 313.3296 0001833 107.0186 273.0277 13.13514617  3291
ONEWEB-0113             
1 48050U 21025J   21217.91668981 -.00044835  00000-0 -12347+0 0  9990
2 48050  87.8923 313.2393 0002322  97.0991  41.1526 13.13435071  3307
ONEWEB-0112             
1 48051U 21025K   21217.91668981 -.00044383  00000-0 -12218+0 0  9996
2 48051  87.8911 313.3144 0002336 104.0322  96.4521 13.13457370  3317
ONEWEB-0156             
1 48052U 21025L   21217.91668981 -.00043398  00000-0 -11901+0 0  9990
2 48052  87.8897 313.2354 0002335 151.8158  52.8455 13.13713542  3306
ONEWEB-0161             
1 48053U 21025M   21217.91668981 -.00042892  00000-0 -11807+0 0  9994
2 48053  87.8898 313.3267 0001870  93.4142 187.9931 13.13451005  3334
ONEWEB-0158             
1 48054U 21025N   21217.91668981 -.00044258  00000-0 -12408+0 0  9991
2 48054  87.8888 313.1491 0002456  91.1462   6.2410 13.12204446  3308
ONEWEB-0157             
1 48055U 21025P   21217.91668981 -.00042543  00000-0 -11697+0 0  9996
2 48055  87.8921 313.2766 0001360 110.3580 229.4891 13.13529060  3294
ONEWEB-0162             
1 48056U 21025Q   21217.91668981  .00000013  00000-0  00000-0 0  9998
2 48056  87.8926 313.0852 0001947 107.6484  74.4457 13.14821657  3336
ONEWEB-0155             
1 48057U 21025R   21217.91668981 -.00043414  00000-0 -11934+0 0  9990
2 48057  87.8882 313.3221 0001689  95.6183 312.3308 13.13549502  3295
ONEWEB-0149             
1 48058U 21025S   21217.91668981 -.00042484  00000-0 -11695+0 0  9991
2 48058  87.8848 313.2711 0002581 127.7833 193.7171 13.13444912  3290
ONEWEB-0148             
1 48059U 21025T   21217.91668981 -.00043696  00000-0 -12384+0 0  9994
2 48059  87.8884 313.1914 0002148 114.7053  22.8656 13.11456161  3303
ONEWEB-0160             
1 48060U 21025U   21217.91668981  .00000013  00000-0  00000+0 0  9992
2 48060  87.9151 313.1369 0002337 120.7417 230.3943 13.22082926 20386
ONEWEB-0163             
1 48061U 21025V   21217.91668981 -.00044170  00000-0 -10903+0 0  9990
2 48061  87.9209 313.2602 0001349 141.9040 281.1369 13.20874352  3300
ONEWEB-0159             
1 48062U 21025W   21217.91668981 -.00044483  00000-0 -12239+0 0  9992
2 48062  87.8884 313.2195 0001716 118.9937  71.0612 13.13494532  3298
ONEWEB-0164             
1 48063U 21025X   21217.91668981 -.00043221  00000-0 -11890+0 0  9994
2 48063  87.8894 313.1844 0001763  75.9424 183.7272 13.13495630  3300
ONEWEB-0167             
1 48064U 21025Y   21217.91668981  .00000013  00000-0  00000-0 0  9997
2 48064  87.8954 313.2037 0001637 138.7936 356.2053 13.15946957  3331
ONEWEB-0166             
1 48065U 21025Z   21217.91668981 -.00042790  00000-0 -11760+0 0  9992
2 48065  87.8912 313.3272 0001850 109.5664 260.6361 13.13560630  3304
ONEWEB-0151             
1 48066U 21025AA  21217.91668981 -.00042647  00000-0 -11734+0 0  9995
2 48066  87.8917 313.2600 0001683  77.1652 283.1301 13.13481989  3296
ONEWEB-0170             
1 48067U 21025AB  21217.91668981 -.00042476  00000-0 -11684+0 0  9990
2 48067  87.8952 313.2382 0002082  58.1403 271.6630 13.13497116  3296
ONEWEB-0168             
1 48068U 21025AC  21217.91668981 -.00042954  00000-0 -10609+0 0  9998
2 48068  87.9219 312.8880 0001890 127.5103 188.4679 13.20826558  3311
ONEWEB-0173             
1 48069U 21025AD  21217.91668981 -.00044256  00000-0 -97563-1 0  9992
2 48069  87.9561 313.0600 0000584 189.8986  78.3754 13.28452307  3332
ONEWEB-0171             
1 48070U 21025AE  21217.91668981 -.00042594  00000-0 -12037+0 0  9998
2 48070  87.8885 313.2680 0001575 122.3839 168.6570 13.11646364  3308
ONEWEB-0172             
1 48071U 21025AF  21217.91668981 -.00594102  00000-0 -32421+0 0  9995
2 48071  88.1716 311.1260 0007761 143.5717   3.7566 14.14824547  3455
ONEWEB-0174             
1 48072U 21025AG  21217.91668981 -.00043661  00000-0 -96313-1 0  9997
2 48072  87.9568 312.9968 0001091  92.2605 248.4658 13.28405395  3335
ONEWEB-0175             
1 48073U 21025AH  21217.91668981 -.00042586  00000-0 -11712+0 0  9991
2 48073  87.8933 313.3320 0001928  75.2944 234.7714 13.13510393  3299
ONEWEB-0177             
1 48074U 21025AJ  21217.91668981 -.00043481  00000-0 -11982+0 0  9996
2 48074  87.8864 313.2906 0001082 169.9494  77.6756 13.13380768  3295
ONEWEB-0178             
1 48075U 21025AK  21217.91668981 -.00044855  00000-0 -12228+0 0  9997
2 48075  87.8862 313.3311 0001801  98.1287  68.2775 13.14129700  3348
ONEWEB-0108             
1 48076U 21025AL  21217.91668981 -.00043340  00000-0 -10836+0 0  9999
2 48076  87.9153 313.2756 0002852  97.4783 189.5822 13.20001777  3301
ONEWEB-0169             
1 48077U 21025AM  21217.91668981  .00000013  00000-0  00000-0 0  9991
2 48077  87.8916 313.1318 0002024 114.6078  92.0880 13.15589639  3327
ONEWEB-0176             
1 48210U 21031A   21217.91668981  .00000014  00000-0  00000+0 0  9997
2 48210  87.8407 282.8323 0006383 311.1674  87.7252 13.55683845 16198
ONEWEB-0184             
1 48211U 21031B   21217.91668981 -.00013885  00000-0 -20211-1 0  9998
2 48211  87.8674 282.8511 0007047 286.1143  91.6116 13.55080296 14860
ONEWEB-0179             
1 48212U 21031C   21217.91668981  .00000014  00000-0  00000+0 0  9999
2 48212  87.8390 282.8832 0008556 317.4301 124.1117 13.53689673 14935
ONEWEB-0180             
1 48213U 21031D   21217.91668981  .00000014  00000-0  00000+0 0  9990
2 48213  87.8650 282.8362 0006497 297.7545 228.2068 13.48057651 14823
ONEWEB-0218             
1 48214U 21031E   21217.91668981  .00000014  00000-0  00000+0 0  9991
2 48214  87.8358 282.9065 0009048 270.1006  82.5221 13.57607243 14967
ONEWEB-0209             
1 48215U 21031F   21217.91668981  .00000015  00000-0  00000+0 0  9993
2 48215  87.8742 282.8937 0006960 289.0327 244.2294 13.63607391 14954
ONEWEB-0198             
1 48216U 21031G   21217.91668981  .00000015  00000-0  00000+0 0  9994
2 48216  88.0166 282.8480 0002956 292.2489  98.5555 13.84763239 15001
ONEWEB-0189             
1 48217U 21031H   21217.91668981  .00000014  00000-0  00000+0 0  9994
2 48217  87.8613 282.8319 0008689 287.4912 217.2852 13.43576539 14844
ONEWEB-0196             
1 48218U 21031J   21217.91668981  .00000014  00000-0  00000+0 0  9995
2 48218  87.8639 282.8043 0005375 304.8729 152.5033 13.51054414 14817
ONEWEB-0183             
1 48219U 21031K   21217.91668981  .00000015  00000-0  00000+0 0  9997
2 48219  87.8323 282.8641 0004682 304.7487 184.7323 13.60302100 14909
ONEWEB-0185             
1 48220U 21031L   21217.91668981  .00000014  00000-0  00000+0 0  9998
2 48220  87.8775 282.8360 0007025 290.5834 303.4653 13.48740859 14855
ONEWEB-0187             
1 48221U 21031M   21217.91668981  .00000014  00000-0  00000+0 0  9999
2 48221  87.8643 282.8561 0007272 312.0985 336.7282 13.50871920 14869
ONEWEB-0192             
1 48222U 21031N   21217.91668981  .00000014  00000-0  00000+0 0  9990
2 48222  87.9032 282.7989 0006267 297.0977 139.3658 13.46319614 14789
ONEWEB-0219             
1 48223U 21031P   21217.91668981  .00000015  00000-0  00000+0 0  9992
2 48223  87.8519 282.9058 0007780 263.3798  32.4370 13.62507746 14963
ONEWEB-0202             
1 48224U 21031Q   21217.91668981  .00000015  00000-0  00000+0 0  9993
2 48224  87.8435 282.8838 0008719 287.2129  85.0843 13.60658115 14944
ONEWEB-0204             
1 48225U 21031R   21217.91668981  .00000014  00000-0  00000+0 0  9993
2 48225  87.8580 282.8535 0004968 298.1527  15.7095 13.48297654 14879
ONEWEB-0205             
1 48226U 21031S   21217.91668981  .00000014  00000-0  00000+0 0  9994
2 48226  87.8995 282.8543 0009428 287.7227 289.2580 13.58484097 14862
ONEWEB-0206             
1 48227U 21031T   21217.91668981  .00000014  00000-0  00000+0 0  9995
2 48227  87.9423 282.8155 0006506 302.5426 206.9881 13.53904130 14815
ONEWEB-0182             
1 48228U 21031U   21217.91668981  .00000015  00000-0  00000+0 0  9997
2 48228  87.8661 282.9471 0005217 301.6198  72.2917 13.70304058 15014
ONEWEB-0186             
1 48229U 21031V   21217.91668981  .00000015  00000-0  00000+0 0  9998
2 48229  87.8733 282.9149 0006305 270.0632  30.4612 13.64661022 14969
ONEWEB-0181             
1 48230U 21031W   21217.91668981  .00000014  00000-0  00000+0 0  9999
2 48230  87.8840 282.7961 0007477 294.1871 103.9250 13.58513164 14839
ONEWEB-0188             
1 48231U 21031X   21217.91668981  .00000014  00000-0  00000-0 0  9991
2 48231  87.9101 282.8048 0005190 302.9516 284.2872 13.36919143  3375
ONEWEB-0220             
1 48232U 21031Y   21217.91668981  .00000015  00000-0  00000+0 0  9992
2 48232  87.9072 282.9095 0008014 267.5547  96.3099 13.71494517 14977
ONEWEB-0165             
1 48233U 21031Z   21217.91668981  .00000015  00000-0  00000+0 0  9993
2 48233  87.8796 282.9061 0007526 298.3501  38.2850 13.62858175 14943
ONEWEB-0199             
1 48234U 21031AA  21217.91668981  .00000014  00000-0  00000+0 0  9993
2 48234  87.8457 282.8575 0004975 298.4105  99.5882 13.48134535 14860
ONEWEB-0203             
1 48235U 21031AB  21217.91668981  .00000015  00000-0  00000+0 0  9995
2 48235  87.9216 282.7686 0008916 294.2998 318.5510 13.64275101 14843
ONEWEB-0197             
1 48236U 21031AC  21217.91668981  .00000014  00000-0  00000+0 0  9995
2 48236  87.8824 282.8202 0005894 316.2021 289.1995 13.41315117 14798
ONEWEB-0194             
1 48237U 21031AD  21217.91668981  .00000015  00000-0  00000+0 0  9997
2 48237  87.8761 282.9151 0005376 296.3869 317.0768 13.64567217 14947
ONEWEB-0193             
1 48238U 21031AE  21217.91668981  .00000014  00000-0  00000-0 0  9998
2 48238  87.8912 282.8852 0006252 271.3745 177.8807 13.59909023  3441
ONEWEB-0191             
1 48239U 21031AF  21217.91668981  .00000014  00000-0  00000+0 0  9998
2 48239  87.8990 282.8147 0007444 310.8559 257.2099 13.38863421 14784
ONEWEB-0195             
1 48240U 21031AG  21217.91668981  .00000014  00000-0  00000+0 0  9990
2 48240  87.8807 282.7988 0005232 286.2544  29.6790 13.37093187 14768
ONEWEB-0201             
1 48241U 21031AH  21217.91668981  .00000015  00000-0  00000+0 0  9992
2 48241  87.8588 282.9231 0008545 268.6654 306.0158 13.63565817 14958
ONEWEB-0207             
1 48242U 21031AJ  21217.91668981  .00000014  00000-0  00000+0 0  9992
2 48242  87.8270 282.8746 0006427 294.6947 358.7793 13.49526344 14896
ONEWEB-0208             
1 48243U 21031AK  21217.91668981  .00000014  00000-0  00000+0 0  9993
2 48243  87.8463 282.8801 0004756 285.5632   7.3543 13.53865846 14906
ONEWEB-0200             
1 48244U 21031AL  21217.91668981  .00000014  00000-0  00000+0 0  9994
2 48244  87.8742 282.8356 0008961 282.9027  12.0871 13.49915308 14847
ONEWEB-0217             
1 48245U 21031AM  21217.91668981  .00000014  00000-0  00000+0 0  9995
2 48245  87.8644 282.8364 0005954 309.1083  58.0089 13.42011422 14793
ONEWEB-0211             
1 48767U 21045A   21217.91668981 -.01357639  00000-0 -50421+0 0  9992
2 48767  87.6345 253.9203 0008963  40.9244  60.9761 14.36031582 11701
ONEWEB-0223             
1 48768U 21045B   21217.91668981 -.01405177  00000-0 -59212+0 0  9991
2 48768  87.6281 253.8893 0011736  20.4672  74.8481 14.29094591 11710
ONEWEB-0230             
1 48769U 21045C   21217.91668981 -.01053285  00000-0 -22077+0 0  9990
2 48769  87.7878 253.8091 0008140  32.1230 125.1697 14.62976057  3554
ONEWEB-0237             
1 48770U 21045D   21217.91668981 -.01414418  00000-0 -67153+0 0  9995
2 48770  87.5752 253.8971 0012520  35.2681 358.1759 14.22884758 11663
ONEWEB-0235             
1 48771U 21045E   21217.91668981 -.01377742  00000-0 -65066+0 0  9995
2 48771  87.6397 254.0186 0007443  48.1405 198.5024 14.23686931 11649
ONEWEB-0242             
1 48772U 21045F   21217.91668981 -.01410270  00000-0 -52807+0 0  9999
2 48772  87.6697 253.8844 0012347  40.2826 110.8722 14.35145975  3532
ONEWEB-0241             
1 48773U 21045G   21217.91668981 -.01409292  00000-0 -61479+0 0  9997
2 48773  87.6168 253.8680 0008518  32.8515 135.5388 14.27326693 11676
ONEWEB-0243             
1 48774U 21045H   21217.91668981 -.01426296  00000-0 -71579+0 0  9993
2 48774  87.5849 253.9435 0012431  37.6649  86.5536 14.19976575 11650
ONEWEB-0222             
1 48775U 21045J   21217.91668981 -.01355100  00000-0 -58591+0 0  9998
2 48775  87.6128 253.8810 0011732  33.3359 250.4237 14.28215110 11686
ONEWEB-0244             
1 48776U 21045K   21217.91668981 -.01238515  00000-0 -31359+0 0  9992
2 48776  87.6761 253.8722 0007636  42.1013  36.6039 14.54337664 11733
ONEWEB-0247             
1 48777U 21045L   21217.91668981 -.01427539  00000-0 -68315+0 0  9991
2 48777  87.5765 253.8595 0007929  33.4454   6.5948 14.22523642 11667
ONEWEB-0245             
1 48778U 21045M   21217.91668981 -.01405250  00000-0 -62474+0 0  9998
2 48778  87.6004 253.8966 0012339  32.3172 352.6499 14.26309631 11674
ONEWEB-0229             
1 48779U 21045N   21217.91668981 -.01417307  00000-0 -68504+0 0  9995
2 48779  87.5703 253.8961 0008491  47.4452 321.5369 14.21970661  3514
ONEWEB-0228             
1 48780U 21045P   21217.91668981 -.01412040  00000-0 -70823+0 0  9993
2 48780  87.5657 253.9123 0010584  23.3472 234.2238 14.19984291 11656
ONEWEB-0232             
1 48781U 21045Q   21217.91668981 -.01035341  00000-0 -17653+0 0  9991
2 48781  87.8168 253.7014 0011186  39.0893  56.0165 14.72009591  3575
ONEWEB-0231             
1 48782U 21045R   21217.91668981 -.01429222  00000-0 -67189+0 0  9996
2 48782  87.5836 253.8709 0010368  45.5209 244.3763 14.23453751 11674
ONEWEB-0234             
1 48783U 21045S   21217.91668981 -.01200001  00000-0 -40013+0 0  9996
2 48783  87.6410 253.8507 0009421  22.2808  62.7111 14.40987144 11693
ONEWEB-0238             
1 48784U 21045T   21217.91668981 -.01410713  00000-0 -63363+0 0  9993
2 48784  87.5978 253.8934 0010989  38.9493 193.4584 14.25796446 11682
ONEWEB-0240             
1 48785U 21045U   21217.91668981 -.01426983  00000-0 -56451+0 0  9990
2 48785  87.6426 253.9424 0008764  37.3097  68.6670 14.32410599 11698
ONEWEB-0246             
1 48786U 21045V   21217.91668981 -.01392699  00000-0 -76697+0 0  9991
2 48786  87.5295 253.8958 0009183  55.7901   9.7659 14.15524068 11621
ONEWEB-0210             
1 48787U 21045W   21217.91668981 -.01387314  00000-0 -70350+0 0  9990
2 48787  87.5615 253.8990 0010853  21.7397 184.5253 14.19926927 11651
ONEWEB-0214             
1 48788U 21045X   21217.91668981  .00041790  00000-0  20548-1 0  9999
2 48788  87.5484 253.9215 0007428  44.3930 153.9484 14.17353584 11618
ONEWEB-0221             
1 48789U 21045Y   21217.91668981 -.01423368  00000-0 -58591+0 0  9995
2 48789  87.6252 253.8915 0010995  15.7999 200.4750 14.30350183 11711
ONEWEB-0213             
1 48790U 21045Z   21217.91668981 -.01409996  00000-0 -62059+0 0  9992
2 48790  87.6128 253.8990 0011903  25.9249 177.5591 14.26846802  3529
ONEWEB-0212             
1 48791U 21045AA  21217.91668981 -.01309312  00000-0 -48313+0 0  9991
2 48791  87.6153 253.8900 0012632  22.5819  27.9688 14.36198509  3525
ONEWEB-0227             
1 48792U 21045AB  21217.91668981 -.01406047  00000-0 -68160+0 0  9997
2 48792  87.5556 253.9632 0008875  28.5152 156.9157 14.21786345  3502
ONEWEB-0226             
1 48793U 21045AC  21217.91668981 -.01419910  00000-0 -70680+0 0  9991
2 48793  87.5834 253.8729 0011995  46.4221 116.9215 14.20397496  3517
ONEWEB-0224             
1 48794U 21045AD  21217.91668981 -.01334798  00000-0 -74012+0 0  9995
2 48794  87.5324 253.8694 0009182  33.7728  42.5465 14.14991282 11605
ONEWEB-0233             
1 48795U 21045AE  21217.91668981 -.01359140  00000-0 -70041+0 0  9992
2 48795  87.5364 253.8489 0007920  49.0677  37.7567 14.19001899  3491
ONEWEB-0190             
1 48796U 21045AF  21217.91668981 -.01367770  00000-0 -63746+0 0  9995
2 48796  87.5807 253.8666 0011847  46.2021 351.7832 14.24331886  3522
ONEWEB-0236             
1 48797U 21045AG  21217.91668981 -.01401277  00000-0 -79440+0 0  9995
2 48797  87.5423 253.8560 0008644  51.8550 153.6007 14.13980563  3499
ONEWEB-0248             
1 48798U 21045AH  21217.91668981 -.01423407  00000-0 -54647+0 0  9997
2 48798  87.6519 253.8911 0010748  38.3878 355.0210 14.33919802  3537
ONEWEB-0225             
1 48799U 21045AJ  21217.91668981 -.01413873  00000-0 -50822+0 0  9995
2 48799  87.6601 253.8710 0008954  48.9506 150.5589 14.37238906  3527
ONEWEB-0215             
1 48800U 21045AK  21217.91668981 -.01295364  00000-0 -63744+0 0  9998
2 48800  87.5644 253.8543 0009753  48.3996 203.6511 14.21269541 11622
ONEWEB-0216             
1 48801U 21045AL  21217.91668981 -.01429899  00000-0 -78058+0 0  9995
2 48801  87.5307 253.9451 0009255  49.9217  37.8662 14.15496884  3505
ONEWEB-0239             
1 48802U 21045AM  21217.91668981 -.01391406  00000-0 -68582+0 0  9999
2 48802  87.5871 254.0578 0012963  41.5053 227.4481 14.21434931  3519
ONEWEB-0249             
1 48967U 21060A   21217.91668981 -.01382265  00000-0 -20602+0 0  9992
2 48967  87.4976 225.3003 0008343 133.9905  48.9133 14.78183046  3597
ONEWEB-0250             
1 48968U 21060B   21217.91668981 -.01388074  00000-0 -21806+0 0  9994
2 48968  87.4823 225.2947 0009365 122.4704 240.1207 14.75955045  3603
ONEWEB-0251             
1 48969U 21060C   21217.91668981  .00068851  00000-0  21628-2 0  9995
2 48969  87.4173 224.8851 0012061 141.7104 154.4781 15.32662542  3612
ONEWEB-0252             
1 48970U 21060D   21217.91668981 -.01348617  00000-0 -19213+0 0  9995
2 48970  87.5016 225.2633 0012267 138.1394 188.7944 14.79959036  3600
ONEWEB-0253             
1 48971U 21060E   21217.91668981 -.01350604  00000-0 -20464+0 0  9995
2 48971  87.4705 225.2848 0009529 121.9674 353.6156 14.77401256  3580
ONEWEB-0254             
1 48972U 21060F   21217.91668981 -.01355958  00000-0 -22143+0 0  9999
2 48972  87.4714 225.3039 0012512 139.7691 358.7055 14.74185000  3640
ONEWEB-0255             
1 48973U 21060G   21217.91668981 -.01312308  00000-0 -17525+0 0  9990
2 48973  87.5058 225.2710 0007485 135.5090 114.5435 14.83147699  3606
ONEWEB-0256             
1 48974U 21060H   21217.91668981 -.01305844  00000-0 -17771+0 0  9991
2 48974  87.4997 225.2873 0013083 135.8076 255.6350 14.82281948  3637
ONEWEB-0257             
1 48975U 21060J   21217.91668981 -.01390342  00000-0 -21651+0 0  9991
2 48975  87.4876 225.3189 0011447 122.3148 216.8626 14.76309663  3596
ONEWEB-0258             
1 48976U 21060K   21217.91668981 -.01383935  00000-0 -22343+0 0  9991
2 48976  87.4663 225.3088 0009542 127.1953 315.3552 14.74776539  3590
ONEWEB-0259             
1 48977U 21060L   21217.91668981 -.01354690  00000-0 -19087+0 0  9999
2 48977  87.5049 225.2617 0013176 137.9153 239.3911 14.80424118  3602
ONEWEB-0260             
1 48978U 21060M   21217.91668981 -.01311427  00000-0 -19432+0 0  9995
2 48978  87.4805 225.2811 0008977 123.3830 357.9559 14.78259225  3597
ONEWEB-0261             
1 48979U 21060N   21217.91668981 -.01341184  00000-0 -18558+0 0  9997
2 48979  87.5054 225.2469 0012033 136.8741 248.7451 14.81163100  3602
ONEWEB-0262             
1 48980U 21060P   21217.91668981 -.01371759  00000-0 -19739+0 0  9992
2 48980  87.5062 225.2971 0010431 135.2523 131.4961 14.79615659  3592
ONEWEB-0263             
1 48981U 21060Q   21217.91668981 -.01395991  00000-0 -22218+0 0  9993
2 48981  87.4795 225.3072 0010577 122.0316 204.0421 14.75404328  3608
ONEWEB-0264             
1 48982U 21060R   21217.91668981 -.01389689  00000-0 -23537+0 0  9996
2 48982  87.4545 225.3073 0010547 143.9067 250.5162 14.72718522  3626
ONEWEB-0265             
1 48983U 21060S   21217.91668981  .00071548  00000-0  17334-2 0  9997
2 48983  87.3961 224.8197 0008886 130.4493 179.7172 15.40775975  3620
ONEWEB-0266             
1 48984U 21060T   21217.91668981 -.01347201  00000-0 -21319+0 0  9998
2 48984  87.4819 225.2927 0012707 139.5951  97.9728 14.75507800  3609
ONEWEB-0267             
1 48985U 21060U   21217.91668981 -.01364592  00000-0 -23054+0 0  9999
2 48985  87.4576 225.3106 0008039 136.3472 164.9503 14.72792975  3596
ONEWEB-0268             
1 48986U 21060V   21217.91668981 -.01310483  00000-0 -18422+0 0  9993
2 48986  87.5054 225.2704 0008592 140.7252  38.1278 14.81003382  3601
ONEWEB-0269             
1 48987U 21060W   21217.91668981 -.01366091  00000-0 -18290+0 0  9993
2 48987  87.5076 225.2704 0008002 125.2413 169.7602 14.82633624  3598
ONEWEB-0270             
1 48988U 21060X   21217.91668981 -.01334528  00000-0 -18337+0 0  9996
2 48988  87.5140 225.2483 0013610 113.1190  62.5030 14.81952013  3606
ONEWEB-0271             
1 48989U 21060Y   21217.91668981 -.01302657  00000-0 -14567+0 0  9996
2 48989  87.5335 225.2133 0009621 147.0143 206.1600 14.90306760  3618
ONEWEB-0272             
1 48990U 21060Z   21217.91668981 -.01357374  00000-0 -20428+0 0  9997
2 48990  87.4911 225.2921 0008648 124.0651 348.4625 14.77712462  3602
ONEWEB-0273             
1 48991U 21060AA  21217.91668981 -.01335343  00000-0 -21299+0 0  9997
2 48991  87.4757 225.2955 0013344 136.4516  59.5458 14.75133946  3600
ONEWEB-0274             
1 48992U 21060AB  21217.91668981 -.01365811  00000-0 -18163+0 0  9997
2 48992  87.5181 225.2768 0009839 137.0050 310.8016 14.82893304  3601
ONEWEB-0275             
1 48993U 21060AC  21217.91668981 -.01383137  00000-0 -23687+0 0  9996
2 48993  87.4550 225.3107 0009031 144.8279 191.6509 14.72240257  3583
ONEWEB-0276             
1 48994U 21060AD  21217.91668981 -.01393291  00000-0 -22150+0 0  9993
2 48994  87.4747 225.2930 0011957 126.3486 163.0726 14.75429533  3594
ONEWEB-0277             
1 48995U 21060AE  21217.91668981 -.01359187  00000-0 -22492+0 0  9999
2 48995  87.4683 225.3119 0011382 145.0086 298.6431 14.73636782  3592
ONEWEB-0278             
1 48996U 21060AF  21217.91668981 -.01307278  00000-0 -17386+0 0  9990
2 48996  87.5189 225.2395 0013966 116.4170  69.2956 14.83223400  3602
ONEWEB-0279             
1 48997U 21060AG  21217.91668981 -.01370093  00000-0 -21936+0 0  9992
2 48997  87.4797 225.2996 0013145 131.8933 124.0286 14.75056891  3651
ONEWEB-0280             
1 48998U 21060AH  21217.91668981 -.01389476  00000-0 -23975+0 0  9993
2 48998  87.4483 225.3070 0007429 135.8989 130.5409 14.71945952  3583
ONEWEB-0281             
1 48999U 21060AJ  21217.91668981 -.01330433  00000-0 -18165+0 0  9998
2 48999  87.5204 225.2527 0011350 137.3834 344.3236 14.82235478  3597
ONEWEB-0282             
1 49000U 21060AK  21217.91668981 -.01377764  00000-0 -19265+0 0  9992
2 49000  87.5017 225.2541 0013826 124.3850 319.4049 14.80785205  3606
ONEWEB-0283             
1 49001U 21060AL  21217.91668981 -.01372676  00000-0 -19120+0 0  9990
2 49001  87.5033 225.2581 0013442 121.6995 346.0865 14.80939787  3601
ONEWEB-0284             
1 49002U 21060AM  21217.91668981 -.01363876  00000-0 -20896+0 0  9995
2 49002  87.4887 225.2794 0008728 120.8942 311.5259 14.76969645  3591
