NOAA 15                 
1 25338U 98030A   21219.02477943  .00000083  00000-0  53277-4 0  9991
2 25338  98.6794 247.0897 0011334 129.9221 230.2957 14.26050612208455
DMSP 5D-3 F15 (USA 147) 
1 25991U 99067A   21219.07783666 -.00000108  00000-0 -31384-4 0  9999
2 25991  99.0200 200.8266 0010115   6.6448  76.3291 14.16446624119285
METEOSAT-8 (MSG-1)      
1 27509U 02040B   21218.66749317  .00000135  00000-0  00000-0 0  9995
2 27509   7.4588  52.2369 0000135 303.5136 241.3662  1.00275825 69452
DMSP 5D-3 F16 (USA 172) 
1 28054U 03048A   21219.13132071 -.00000096  00000-0 -27094-4 0  9990
2 28054  98.9573 203.8457 0008243 121.3834 315.1212 14.13637183918628
NOAA 18                 
1 28654U 05018A   21219.08928200  .00000081  00000-0  68051-4 0  9996
2 28654  98.9910 284.1476 0015107 136.8440 223.3918 14.12627792835684
METEOSAT-9 (MSG-2)      
1 28912U 05049B   21218.80349396  .00000017  00000-0  00000-0 0  9994
2 28912   5.3165  68.1749 0000632  57.1696 122.8271  1.00275722 57230
FORMOSAT-3 FM6          
1 29047U 06011A   21218.58506531  .00000038  00000-0  31075-4 0  9998
2 29047  71.9801 342.6224 0049025  64.8753 295.7457 14.28834644800580
FORMOSAT-3 FM1          
1 29048U 06011B   21218.82393224  .00000088  00000-0  50925-4 0  9999
2 29048  71.9648 252.5609 0043160  21.7808 338.5151 14.28791139803090
FORMOSAT-3 FM5          
1 29049U 06011C   21218.87245077  .00000065  00000-0  41574-4 0  9992
2 29049  72.0199  66.4760 0034001  45.3542 315.0357 14.28873438798897
FORMOSAT-3 FM3          
1 29050U 06011D   21219.11748916  .00000099  00000-0  31166-4 0  9995
2 29050  72.0158 169.5323 0051720 288.5987  70.9552 14.59096601817052
FORMOSAT-3 FM4          
1 29051U 06011E   21218.58231140  .00000070  00000-0  42985-4 0  9992
2 29051  72.0068 328.3162 0069897 286.7580  72.5896 14.28904806801437
FORMOSAT-3 FM2          
1 29052U 06011F   21218.90152236  .00000036  00000-0  30237-4 0  9996
2 29052  72.0342  43.1111 0040225   3.3285 356.8111 14.29015852799000
EWS-G1 (GOES 13)        
1 29155U 06018A   21218.59967368  .00000039  00000-0  00000-0 0  9996
2 29155   0.0529 180.6022 0005707  13.9542  37.9741  1.00274291 25578
METOP-A                 
1 29499U 06044A   21219.08292104  .00000010  00000-0  23426-4 0  9990
2 29499  98.4686 256.3220 0001698 107.5447 333.1060 14.21506288767933
DMSP 5D-3 F17 (USA 191) 
1 29522U 06050A   21219.05530804 -.00000032  00000-0  58348-5 0  9990
2 29522  98.7823 234.7587 0010965  77.5990 282.6410 14.14039882761460
FENGYUN 3A              
1 32958U 08026A   21218.91427077  .00000005  00000-0  22269-4 0  9994
2 32958  98.4537 190.2440 0008071 206.6805 153.3958 14.18663658683737
FENGYUN 2E              
1 33463U 08066A   21218.76051295 -.00000201  00000-0  00000-0 0  9992
2 33463   5.2171  66.9777 0002538 350.6294 258.1170  1.00264736 46289
NOAA 19                 
1 33591U 09005A   21219.05727085  .00000085  00000-0  71536-4 0  9993
2 33591  99.1816 241.0114 0013773 355.0227   5.0805 14.12487647644067
GOES 14                 
1 35491U 09033A   21218.56661128 -.00000092  00000-0  00000-0 0  9998
2 35491   0.4231 104.8672 0011922 105.4666 204.6941  1.00271491 44318
METEOR-M 1              
1 35865U 09049A   21218.72731205  .00000001  00000-0  19482-4 0  9999
2 35865  98.4826 195.1518 0003477  70.9985 289.1570 14.22279928616949
DMSP 5D-3 F18 (USA 210) 
1 35951U 09057A   21219.10071505  .00000128  00000-0  90760-4 0  9995
2 35951  98.6830 201.9295 0009800 262.7500  97.2559 14.13384502608716
GOES 15                 
1 36411U 10008A   21218.49702356  .00000056  00000-0  00000-0 0  9995
2 36411   0.2338 115.7183 0004311 301.2248 309.2106  1.00265988 41878
COMS 1                  
1 36744U 10032A   21218.61249736 -.00000343  00000-0  00000-0 0  9993
2 36744   0.3360  95.5867 0000665  42.9888 165.4267  1.00273535 33287
FENGYUN 3B              
1 37214U 10059A   21219.19479332  .00000005  00000-0  25806-4 0  9995
2 37214  99.0814 214.2686 0017051 166.6389 193.5241 14.15993738556519
SUOMI NPP               
1 37849U 11061A   21219.11112257 -.00000017  00000-0  12729-4 0  9999
2 37849  98.7382 157.1125 0001349 102.2368 268.8720 14.19538891506598
FENGYUN 2F              
1 38049U 12002A   21218.82509045 -.00000358  00000-0  00000-0 0  9993
2 38049   3.0300  81.8939 0001249  48.7405 233.7333  1.00284349 35085
METEOSAT-10 (MSG-3)     
1 38552U 12035B   21218.58929260  .00000064  00000-0  00000-0 0  9999
2 38552   1.2185  15.7398 0001331 126.9576  34.1460  1.00277826 33051
METOP-B                 
1 38771U 12049A   21219.13038425  .00000000  00000-0  20253-4 0  9999
2 38771  98.7116 278.5579 0000959 158.0532 255.4142 14.21489124461077
FENGYUN 3C              
1 39260U 13052A   21219.15728530 -.00000013  00000-0  14114-4 0  9997
2 39260  98.4947 257.5378 0012363  98.6093 261.6492 14.15874002407441
METEOR-M 2              
1 40069U 14037A   21219.14380694 -.00000039  00000-0  10406-5 0  9993
2 40069  98.4583 245.8803 0006315 144.7376 215.4221 14.20686110367232
HIMAWARI-8              
1 40267U 14060A   21218.58591005 -.00000274  00000-0  00000-0 0  9991
2 40267   0.0074 329.3176 0000819 205.8290 131.7649  1.00271972 24957
FENGYUN 2G              
1 40367U 14090A   21218.82264785 -.00000303  00000-0  00000-0 0  9997
2 40367   1.1518  92.2349 0001309 274.4323 344.8095  1.00275396 24232
METEOSAT-11 (MSG-4)     
1 40732U 15034A   21218.31716039 -.00000003  00000-0  00000-0 0  9997
2 40732   0.2088 129.1755 0000566   5.1136 294.6529  1.00274921 22219
ELEKTRO-L 2             
1 41105U 15074A   21218.87167444 -.00000116  00000-0  00000-0 0  9992
2 41105   2.2026  91.9317 0002513  72.3779  90.5607  1.00273314 20719
HIMAWARI-9              
1 41836U 16064A   21218.97443837 -.00000274  00000-0  00000+0 0  9991
2 41836   0.0462 267.1034 0000146 237.9399 302.2065  1.00274281 17508
GOES 16                 
1 41866U 16071A   21218.57245608 -.00000246  00000-0  00000-0 0  9994
2 41866   0.1074 101.5487 0001140  76.2089 268.4149  1.00270497 17308
FENGYUN 4A              
1 41882U 16077A   21218.93382542 -.00000330  00000-0  00000-0 0  9991
2 41882   0.0916  85.8387 0001306  26.5341 284.0615  1.00278871 17188
CYGFM05                 
1 41884U 16078A   21218.75577379  .00000500  00000-0  27788-4 0  9992
2 41884  34.9578 359.3875 0015115 158.4126 201.7225 15.15086002257116
CYGFM04                 
1 41885U 16078B   21219.04651448  .00000487  00000-0  26732-4 0  9998
2 41885  34.9511 348.5238 0013715 175.4272 184.6566 15.15594818257242
CYGFM02                 
1 41886U 16078C   21218.71059988  .00000510  00000-0  27899-4 0  9995
2 41886  34.9600 352.6414 0014354 167.1036 193.0045 15.15593606257183
CYGFM01                 
1 41887U 16078D   21218.51503315  .00000492  00000-0  27500-4 0  9990
2 41887  34.9546   2.7019 0015526 156.1022 204.0412 15.14875313256932
CYGFM08                 
1 41888U 16078E   21219.05117325  .00000489  00000-0  27041-4 0  9999
2 41888  34.9516 353.4003 0014906 170.8028 189.2958 15.15295523257175
CYGFM06                 
1 41889U 16078F   21218.49366466  .00000530  00000-0  28958-4 0  9994
2 41889  34.9596 352.6900 0013282 165.2831 194.8269 15.15587086257026
CYGFM07                 
1 41890U 16078G   21218.73591103  .00000521  00000-0  28462-4 0  9991
2 41890  34.9534 350.0867 0013132 171.5106 188.5829 15.15583329257199
CYGFM03                 
1 41891U 16078H   21218.46997041  .00000501  00000-0  27456-4 0  9993
2 41891  34.9567 352.1198 0012588 167.4559 192.6467 15.15579168256993
FENGYUN 3D              
1 43010U 17072A   21219.09476720  .00000004  00000-0  22606-4 0  9999
2 43010  98.7902 160.6647 0001503  13.1689 346.9536 14.19774113193177
NOAA 20                 
1 43013U 17073A   21219.07371565 -.00000001  00000-0  20471-4 0  9998
2 43013  98.7214 156.9501 0000960  97.1438 262.9847 14.19550523192621
GOES 17                 
1 43226U 18022A   21218.53174223  .00000099  00000-0  00000-0 0  9999
2 43226   0.0649 266.7197 0000273 289.6990 173.0839  1.00270409 12604
FENGYUN 2H              
1 43491U 18050A   21218.60327090 -.00000128  00000-0  00000-0 0  9998
2 43491   0.3629 109.5353 0004221  34.0737 108.2126  1.00271981 11632
METOP-C                 
1 43689U 18087A   21218.52328533  .00000004  00000-0  21702-4 0  9999
2 43689  98.6826 278.0853 0001768 205.1618 154.9474 14.21502494142563
GEO-KOMPSAT-2A          
1 43823U 18100A   21218.61249736 -.00000343  00000-0  00000-0 0  9993
2 43823   0.0606 255.0765 0001159 343.7252  65.3157  1.00271974  9812
METEOR-M2 2             
1 44387U 19038A   21219.14382271 -.00000023  00000-0  90844-5 0  9996
2 44387  98.6737 178.2773 0002435  94.6109 265.5355 14.23689997108688
